group	fill	clickSelects
1	#FFFFFF	4
2	#FFFFFF	4
3	#FFFFFF	4
4	#FFFFFF	4
5	#FFFFFF	4
6	#FFFFFF	322
7	#FFFFFF	322
8	#FFFFFF	322
9	#FFFFFF	322
10	#FFFFFF	322
11	#FFFFFF	322
12	#FFFFFF	322
13	#FFFFFF	322
14	#FFFFFF	4
15	#FFFFFF	322
16	#FFFFFF	322
17	#FFFFFF	4
18	#FFFFFF	4
19	#FFFFFF	4
20	#FFFFFF	123
21	#FFFFFF	123
22	#FFFFFF	123
23	#FFFFFF	123
24	#FFFFFF	123
25	#FFFFFF	4
26	#FFFFFF	123
27	#FFFFFF	123
28	#FFFFFF	123
29	#FFFFFF	123
30	#FFFFFF	4
31	#FFFFFF	123
32	#FFFFFF	4
33	#FFFFFF	4
34	#FFFFFF	4
35	#FFFFFF	4
36	#FFFFFF	4
37	#FFFFFF	4
38	#FFFFFF	4
39	#FFFFFF	4
40	#FFFFFF	4
41	#FFFFFF	4
42	#FFFFFF	4
43	#FFFFFF	4
44	#FFFFFF	4
45	#FFFFFF	4
46	#FFFFFF	28
47	#FFFFFF	28
48	#FFFFFF	28
49	#FFFFFF	4
50	#FFFFFF	4
52	#FFFFFF	4
53	#FFFFFF	4
54	#FFFFFF	4
55	#FFFFFF	4
56	#FFFFFF	322
57	#FFFFFF	4
58	#FFFFFF	322
59	#FFFFFF	322
60	#FFFFFF	322
61	#FFFFFF	322
62	#FFFFFF	322
63	#FFFFFF	322
64	#FFFFFF	4
65	#FFFFFF	322
66	#FFFFFF	322
67	#FFFFFF	322
68	#FFFFFF	4
69	#FFFFFF	4
70	#FFFFFF	123
71	#FFFFFF	123
72	#FFFFFF	123
73	#FFFFFF	123
74	#FFFFFF	123
75	#FFFFFF	4
76	#FFFFFF	123
77	#FFFFFF	123
78	#FFFFFF	123
79	#FFFFFF	123
80	#FFFFFF	123
81	#FFFFFF	123
82	#FFFFFF	4
83	#FFFFFF	4
84	#FFFFFF	4
85	#FFFFFF	4
86	#FFFFFF	4
87	#FFFFFF	4
89	#FFFFFF	4
90	#FFFFFF	4
91	#FFFFFF	4
92	#FFFFFF	4
93	#FFFFFF	4
94	#FFFFFF	4
95	#FFFFFF	4
97	#FFFFFF	28
98	#FFFFFF	28
99	#FFFFFF	4
100	#FFFFFF	4
101	#FFFFFF	4
102	#FFFFFF	28
103	#FFFFFF	4
104	#FFFFFF	4
105	#FFFFFF	4
106	#FFFFFF	4
107	#FFFFFF	322
108	#FFFFFF	4
109	#FFFFFF	4
110	#FFFFFF	322
111	#FFFFFF	322
112	#FFFFFF	322
113	#FFFFFF	322
114	#FFFFFF	322
115	#FFFFFF	4
116	#FFFFFF	322
117	#FFFFFF	4
118	#FFFFFF	322
119	#FFFFFF	4
120	#FFFFFF	123
121	#FFFFFF	123
122	#FFFFFF	123
123	#FFFFFF	123
124	#FFFFFF	123
125	#FFFFFF	123
126	#FFFFFF	4
127	#FFFFFF	123
128	#FFFFFF	123
129	#FFFFFF	123
130	#FFFFFF	123
131	#FFFFFF	123
132	#FFFFFF	123
133	#FFFFFF	123
134	#FFFFFF	4
135	#FFFFFF	4
136	#FFFFFF	4
137	#FFFFFF	28
138	#FFFFFF	4
139	#FFFFFF	4
140	#FFFFFF	4
141	#FFFFFF	4
142	#FFFFFF	4
143	#FFFFFF	4
144	#FFFFFF	4
145	#FFFFFF	4
146	#FFFFFF	4
147	#FFFFFF	28
148	#FFFFFF	28
149	#FFFFFF	4
150	#FFFFFF	4
151	#FFFFFF	4
153	#FFFFFF	28
154	#FFFFFF	28
155	#FFFFFF	4
156	#FFFFFF	28
157	#FFFFFF	4
158	#FFFFFF	4
159	#FFFFFF	4
160	#FFFFFF	4
161	#FFFFFF	4
162	#FFFFFF	4
163	#FFFFFF	322
164	#FFFFFF	322
165	#FFFFFF	28
166	#FFFFFF	322
167	#FFFFFF	322
168	#FFFFFF	322
169	#FFFFFF	322
170	#FFFFFF	4
171	#FFFFFF	4
172	#FFFFFF	4
173	#FFFFFF	4
174	#FFFFFF	4
175	#FFFFFF	4
176	#FFFFFF	28
177	#FFFFFF	4
178	#FFFFFF	4
179	#FFFFFF	4
180	#FFFFFF	4
181	#FFFFFF	4
182	#FFFFFF	4
183	#FFFFFF	4
184	#FFFFFF	4
185	#FFFFFF	4
186	#FFFFFF	4
187	#FFFFFF	28
188	#FFFFFF	4
189	#FFFFFF	4
190	#FFFFFF	4
191	#FFFFFF	4
192	#FFFFFF	4
193	#FFFFFF	4
194	#FFFFFF	4
195	#FFFFFF	4
196	#FFFFFF	4
198	#FFFFFF	28
199	#FFFFFF	28
200	#FFFFFF	28
201	#FFFFFF	4
202	#FFFFFF	4
204	#FFFFFF	28
205	#FFFFFF	28
206	#FFFFFF	28
207	#FFFFFF	28
208	#FFFFFF	4
209	#FFFFFF	4
210	#FFFFFF	4
211	#FFFFFF	4
212	#FFFFFF	4
213	#FFFFFF	4
214	#FFFFFF	322
215	#FFFFFF	322
216	#FFFFFF	28
217	#FFFFFF	322
218	#FFFFFF	322
219	#FFFFFF	322
220	#FFFFFF	322
221	#FFFFFF	4
222	#FFFFFF	4
223	#FFFFFF	4
224	#FFFFFF	4
225	#FFFFFF	4
226	#FFFFFF	4
227	#FFFFFF	28
228	#FFFFFF	4
229	#FFFFFF	4
230	#FFFFFF	4
231	#FFFFFF	4
232	#FFFFFF	4
233	#FFFFFF	4
234	#FFFFFF	4
235	#FFFFFF	4
236	#FFFFFF	4
237	#FFFFFF	4
238	#FFFFFF	28
239	#FFFFFF	4
240	#FFFFFF	4
241	#FFFFFF	4
242	#FFFFFF	4
243	#FFFFFF	4
244	#FFFFFF	4
245	#FFFFFF	4
246	#FFFFFF	4
247	#FFFFFF	4
248	#FFFFFF	28
249	#FFFFFF	28
250	#FFFFFF	28
251	#FFFFFF	4
252	#FFFFFF	28
255	#FFFFFF	28
256	#FFFFFF	28
257	#FFFFFF	28
258	#FFFFFF	4
259	#FFFFFF	4
260	#FFFFFF	4
261	#FFFFFF	4
262	#FFFFFF	4
263	#FFFFFF	4
264	#FFFFFF	4
265	#FFFFFF	322
266	#FFFFFF	28
267	#FFFFFF	322
268	#FFFFFF	4
269	#FFFFFF	4
270	#FFFFFF	322
271	#FFFFFF	322
272	#FFFFFF	4
273	#FFFFFF	4
274	#FFFFFF	4
275	#FFFFFF	4
276	#FFFFFF	4
277	#FFFFFF	28
278	#FFFFFF	4
279	#FFFFFF	4
280	#FFFFFF	4
281	#FFFFFF	4
282	#FFFFFF	4
283	#FFFFFF	4
284	#FFFFFF	4
285	#FFFFFF	4
286	#FFFFFF	4
287	#FFFFFF	4
288	#FFFFFF	28
289	#FFFFFF	4
290	#FFFFFF	4
291	#FFFFFF	4
292	#FFFFFF	4
293	#FFFFFF	4
294	#FFFFFF	4
295	#FFFFFF	4
296	#FFFFFF	4
297	#FFFFFF	4
299	#FFFFFF	28
300	#FFFFFF	28
301	#FFFFFF	28
302	#FFFFFF	28
303	#FFFFFF	4
306	#FFFFFF	28
307	#FFFFFF	28
308	#FFFFFF	28
309	#FFFFFF	4
310	#FFFFFF	4
311	#FFFFFF	4
312	#FFFFFF	4
313	#FFFFFF	4
314	#FFFFFF	4
315	#FFFFFF	4
316	#FFFFFF	322
317	#FFFFFF	28
318	#FFFFFF	4
319	#FFFFFF	4
320	#FFFFFF	4
321	#FFFFFF	322
322	#FFFFFF	4
323	#FFFFFF	4
324	#FFFFFF	4
325	#FFFFFF	4
326	#FFFFFF	4
328	#FFFFFF	28
329	#FFFFFF	4
330	#FFFFFF	4
331	#FFFFFF	4
332	#FFFFFF	4
333	#FFFFFF	4
334	#FFFFFF	4
335	#FFFFFF	4
336	#FFFFFF	4
337	#FFFFFF	4
338	#FFFFFF	4
339	#FFFFFF	28
340	#FFFFFF	4
341	#FFFFFF	4
342	#FFFFFF	4
343	#FFFFFF	4
344	#FFFFFF	4
345	#FFFFFF	4
346	#FFFFFF	4
347	#FFFFFF	4
348	#FFFFFF	4
349	#FFFFFF	28
350	#FFFFFF	28
351	#FFFFFF	28
352	#FFFFFF	28
353	#FFFFFF	28
356	#FFFFFF	28
357	#FFFFFF	28
358	#FFFFFF	28
359	#FFFFFF	4
360	#FFFFFF	4
361	#FFFFFF	4
362	#FFFFFF	4
363	#FFFFFF	4
364	#FFFFFF	4
365	#FFFFFF	4
366	#FFFFFF	322
367	#FFFFFF	28
368	#FFFFFF	322
369	#FFFFFF	4
370	#FFFFFF	4
371	#FFFFFF	322
372	#FFFFFF	322
373	#FFFFFF	4
374	#FFFFFF	4
375	#FFFFFF	4
376	#FFFFFF	4
377	#FFFFFF	4
378	#FFFFFF	28
379	#FFFFFF	4
380	#FFFFFF	4
381	#FFFFFF	4
382	#FFFFFF	4
383	#FFFFFF	4
384	#FFFFFF	4
385	#FFFFFF	4
386	#FFFFFF	4
387	#FFFFFF	4
388	#FFFFFF	4
389	#FFFFFF	28
390	#FFFFFF	4
391	#FFFFFF	4
392	#FFFFFF	4
393	#FFFFFF	4
394	#FFFFFF	4
395	#FFFFFF	4
396	#FFFFFF	4
397	#FFFFFF	4
398	#FFFFFF	4
400	#FFFFFF	28
401	#FFFFFF	28
402	#FFFFFF	28
403	#FFFFFF	28
404	#FFFFFF	28
407	#FFFFFF	28
408	#FFFFFF	28
409	#FFFFFF	28
410	#FFFFFF	28
411	#FFFFFF	28
412	#FFFFFF	4
413	#FFFFFF	4
414	#FFFFFF	4
415	#FFFFFF	4
416	#FFFFFF	4
417	#FFFFFF	322
418	#FFFFFF	28
419	#FFFFFF	322
420	#FFFFFF	322
421	#FFFFFF	4
422	#FFFFFF	4
423	#FFFFFF	4
424	#FFFFFF	4
425	#FFFFFF	4
426	#FFFFFF	4
427	#FFFFFF	4
429	#FFFFFF	28
430	#FFFFFF	4
431	#FFFFFF	4
432	#FFFFFF	4
433	#FFFFFF	4
434	#FFFFFF	4
435	#FFFFFF	4
436	#FFFFFF	4
437	#FFFFFF	4
438	#FFFFFF	4
439	#FFFFFF	4
440	#FFFFFF	28
441	#FFFFFF	4
442	#FFFFFF	4
443	#FFFFFF	4
444	#FFFFFF	4
445	#FFFFFF	4
446	#FFFFFF	4
447	#FFFFFF	4
448	#FFFFFF	4
449	#FFFFFF	4
450	#FFFFFF	28
451	#FFFFFF	28
452	#FFFFFF	28
453	#FFFFFF	28
454	#FFFFFF	28
458	#FFFFFF	28
459	#FFFFFF	28
460	#FFFFFF	28
461	#FFFFFF	28
462	#FFFFFF	4
463	#FFFFFF	28
464	#FFFFFF	4
465	#FFFFFF	4
466	#FFFFFF	4
467	#FFFFFF	4
469	#FFFFFF	322
470	#FFFFFF	322
471	#FFFFFF	4
472	#FFFFFF	4
473	#FFFFFF	4
474	#FFFFFF	4
475	#FFFFFF	4
476	#FFFFFF	4
477	#FFFFFF	4
478	#FFFFFF	4
479	#FFFFFF	28
481	#FFFFFF	4
482	#FFFFFF	4
483	#FFFFFF	4
484	#FFFFFF	4
485	#FFFFFF	4
486	#FFFFFF	4
487	#FFFFFF	4
488	#FFFFFF	4
489	#FFFFFF	4
490	#FFFFFF	28
491	#FFFFFF	4
492	#FFFFFF	4
493	#FFFFFF	4
494	#FFFFFF	4
495	#FFFFFF	4
496	#FFFFFF	4
497	#FFFFFF	4
498	#FFFFFF	4
499	#FFFFFF	4
501	#FFFFFF	28
502	#FFFFFF	28
503	#FFFFFF	28
504	#FFFFFF	28
505	#FFFFFF	28
506	#FFFFFF	28
509	#FFFFFF	28
510	#FFFFFF	28
511	#FFFFFF	28
512	#FFFFFF	28
513	#FFFFFF	28
514	#FFFFFF	4
515	#FFFFFF	4
516	#FFFFFF	4
517	#FFFFFF	4
518	#FFFFFF	322
520	#FFFFFF	322
521	#FFFFFF	322
522	#FFFFFF	4
523	#FFFFFF	4
524	#FFFFFF	4
525	#FFFFFF	4
526	#FFFFFF	4
527	#FFFFFF	4
528	#FFFFFF	4
529	#FFFFFF	4
530	#FFFFFF	28
531	#FFFFFF	4
532	#FFFFFF	4
533	#FFFFFF	4
534	#FFFFFF	4
535	#FFFFFF	4
536	#FFFFFF	4
537	#FFFFFF	4
538	#FFFFFF	4
539	#FFFFFF	4
540	#FFFFFF	4
541	#FFFFFF	28
542	#FFFFFF	4
543	#FFFFFF	4
544	#FFFFFF	4
545	#FFFFFF	4
546	#FFFFFF	4
547	#FFFFFF	4
548	#FFFFFF	4
549	#FFFFFF	4
550	#FFFFFF	4
551	#FFFFFF	28
552	#FFFFFF	28
553	#FFFFFF	28
554	#FFFFFF	28
555	#FFFFFF	28
557	#FFFFFF	28
559	#FFFFFF	28
560	#FFFFFF	28
561	#FFFFFF	28
562	#FFFFFF	28
563	#FFFFFF	28
564	#FFFFFF	4
565	#FFFFFF	28
566	#FFFFFF	4
567	#FFFFFF	4
568	#FFFFFF	322
570	#FFFFFF	322
571	#FFFFFF	322
572	#FFFFFF	4
573	#FFFFFF	4
574	#FFFFFF	4
575	#FFFFFF	4
576	#FFFFFF	4
577	#FFFFFF	4
578	#FFFFFF	4
579	#FFFFFF	4
581	#FFFFFF	4
582	#FFFFFF	4
583	#FFFFFF	4
584	#FFFFFF	4
585	#FFFFFF	4
586	#FFFFFF	4
587	#FFFFFF	4
588	#FFFFFF	4
589	#FFFFFF	4
590	#FFFFFF	4
591	#FFFFFF	28
592	#FFFFFF	4
593	#FFFFFF	4
594	#FFFFFF	4
595	#FFFFFF	4
596	#FFFFFF	4
597	#FFFFFF	4
598	#FFFFFF	4
599	#FFFFFF	4
600	#FFFFFF	4
602	#FFFFFF	28
603	#FFFFFF	28
604	#FFFFFF	28
605	#FFFFFF	28
606	#FFFFFF	28
607	#FFFFFF	28
608	#FFFFFF	28
610	#FFFFFF	28
611	#FFFFFF	28
613	#FFFFFF	28
614	#FFFFFF	4
615	#FFFFFF	4
616	#FFFFFF	28
617	#FFFFFF	4
618	#FFFFFF	4
619	#FFFFFF	322
621	#FFFFFF	322
622	#FFFFFF	322
623	#FFFFFF	4
624	#FFFFFF	4
625	#FFFFFF	4
626	#FFFFFF	4
627	#FFFFFF	4
628	#FFFFFF	4
629	#FFFFFF	4
630	#FFFFFF	4
632	#FFFFFF	4
633	#FFFFFF	4
634	#FFFFFF	4
635	#FFFFFF	4
636	#FFFFFF	4
637	#FFFFFF	4
638	#FFFFFF	4
639	#FFFFFF	4
640	#FFFFFF	4
641	#FFFFFF	4
642	#FFFFFF	28
643	#FFFFFF	4
644	#FFFFFF	4
645	#FFFFFF	4
646	#FFFFFF	4
647	#FFFFFF	4
648	#FFFFFF	4
649	#FFFFFF	4
650	#FFFFFF	4
651	#FFFFFF	4
652	#FFFFFF	28
653	#FFFFFF	28
654	#FFFFFF	28
655	#FFFFFF	28
656	#FFFFFF	28
658	#FFFFFF	28
659	#FFFFFF	28
660	#FFFFFF	28
661	#FFFFFF	28
662	#FFFFFF	28
663	#FFFFFF	28
664	#FFFFFF	28
665	#FFFFFF	4
666	#FFFFFF	4
667	#FFFFFF	28
668	#FFFFFF	4
669	#FFFFFF	4
671	#FFFFFF	4
672	#FFFFFF	4
673	#FFFFFF	4
674	#FFFFFF	4
675	#FFFFFF	4
676	#FFFFFF	4
677	#FFFFFF	4
678	#FFFFFF	4
679	#FFFFFF	4
680	#FFFFFF	4
682	#FFFFFF	4
683	#FFFFFF	4
684	#FFFFFF	4
685	#FFFFFF	4
686	#FFFFFF	4
687	#FFFFFF	4
688	#FFFFFF	4
689	#FFFFFF	4
690	#FFFFFF	4
691	#FFFFFF	4
693	#FFFFFF	4
694	#FFFFFF	4
695	#FFFFFF	4
696	#FFFFFF	4
697	#FFFFFF	4
698	#FFFFFF	4
699	#FFFFFF	4
700	#FFFFFF	4
701	#FFFFFF	4
703	#FFFFFF	28
704	#FFFFFF	28
705	#FFFFFF	28
706	#FFFFFF	28
707	#FFFFFF	28
708	#FFFFFF	28
709	#FFFFFF	28
710	#FFFFFF	28
711	#FFFFFF	28
712	#FFFFFF	28
713	#FFFFFF	28
714	#FFFFFF	28
715	#FFFFFF	4
716	#FFFFFF	4
717	#FFFFFF	28
718	#FFFFFF	28
719	#FFFFFF	4
720	#FFFFFF	4
722	#FFFFFF	4
723	#FFFFFF	4
724	#FFFFFF	4
725	#FFFFFF	4
726	#FFFFFF	4
727	#FFFFFF	4
728	#FFFFFF	4
729	#FFFFFF	4
730	#FFFFFF	4
731	#FFFFFF	4
733	#FFFFFF	4
734	#FFFFFF	4
735	#FFFFFF	4
736	#FFFFFF	4
737	#FFFFFF	4
738	#FFFFFF	4
739	#FFFFFF	4
740	#FFFFFF	4
741	#FFFFFF	4
742	#FFFFFF	4
743	#FFFFFF	28
744	#FFFFFF	4
745	#FFFFFF	4
746	#FFFFFF	4
747	#FFFFFF	4
748	#FFFFFF	4
749	#FFFFFF	4
750	#FFFFFF	4
751	#FFFFFF	4
752	#FFFFFF	4
753	#FFFFFF	28
754	#FFFFFF	28
755	#FFFFFF	28
756	#FFFFFF	28
757	#FFFFFF	28
759	#FFFFFF	28
760	#FFFFFF	28
761	#FFFFFF	28
762	#FFFFFF	28
763	#FFFFFF	28
764	#FFFFFF	28
765	#FFFFFF	28
766	#FFFFFF	28
767	#FFFFFF	4
768	#FFFFFF	28
769	#FFFFFF	28
770	#FFFFFF	4
771	#FFFFFF	28
772	#FFFFFF	28
773	#FFFFFF	4
774	#FFFFFF	4
775	#FFFFFF	4
776	#FFFFFF	4
777	#FFFFFF	4
778	#FFFFFF	4
779	#FFFFFF	4
780	#FFFFFF	4
781	#FFFFFF	4
783	#FFFFFF	4
784	#FFFFFF	4
785	#FFFFFF	4
786	#FFFFFF	4
787	#FFFFFF	4
788	#FFFFFF	4
789	#FFFFFF	4
790	#FFFFFF	4
791	#FFFFFF	4
792	#FFFFFF	4
794	#FFFFFF	4
795	#FFFFFF	4
796	#FFFFFF	4
797	#FFFFFF	4
798	#FFFFFF	4
799	#FFFFFF	4
800	#FFFFFF	4
801	#FFFFFF	4
802	#FFFFFF	4
804	#FFFFFF	28
805	#FFFFFF	28
806	#FFFFFF	28
807	#FFFFFF	28
808	#FFFFFF	28
810	#FFFFFF	28
811	#FFFFFF	28
812	#FFFFFF	28
813	#FFFFFF	28
814	#FFFFFF	28
815	#FFFFFF	28
816	#FFFFFF	28
817	#FFFFFF	28
818	#FFFFFF	28
819	#FFFFFF	28
820	#FFFFFF	28
821	#FFFFFF	28
822	#FFFFFF	28
823	#FFFFFF	28
824	#FFFFFF	28
825	#FFFFFF	4
826	#FFFFFF	4
827	#FFFFFF	4
828	#FFFFFF	4
829	#FFFFFF	4
830	#FFFFFF	4
831	#FFFFFF	4
832	#FFFFFF	4
834	#FFFFFF	4
835	#FFFFFF	4
836	#FFFFFF	4
837	#FFFFFF	4
838	#FFFFFF	4
839	#FFFFFF	4
840	#FFFFFF	4
841	#FFFFFF	4
842	#FFFFFF	4
843	#FFFFFF	4
845	#FFFFFF	4
846	#FFFFFF	4
847	#FFFFFF	4
848	#FFFFFF	4
849	#FFFFFF	4
850	#FFFFFF	4
851	#FFFFFF	4
852	#FFFFFF	4
853	#FFFFFF	4
855	#FFFFFF	28
856	#FFFFFF	28
857	#FFFFFF	28
858	#FFFFFF	28
861	#FFFFFF	28
862	#FFFFFF	28
863	#FFFFFF	28
864	#FFFFFF	28
865	#FFFFFF	28
866	#FFFFFF	28
867	#FFFFFF	28
868	#FFFFFF	28
869	#FFFFFF	28
870	#FFFFFF	28
871	#FFFFFF	28
872	#FFFFFF	28
873	#FFFFFF	28
874	#FFFFFF	28
875	#FFFFFF	4
876	#FFFFFF	4
877	#FFFFFF	28
878	#FFFFFF	4
879	#FFFFFF	4
880	#FFFFFF	4
881	#FFFFFF	4
882	#FFFFFF	4
883	#FFFFFF	28
884	#FFFFFF	4
885	#FFFFFF	4
886	#FFFFFF	4
887	#FFFFFF	4
888	#FFFFFF	4
889	#FFFFFF	4
890	#FFFFFF	4
891	#FFFFFF	4
892	#FFFFFF	4
893	#FFFFFF	4
895	#FFFFFF	4
896	#FFFFFF	4
897	#FFFFFF	4
898	#FFFFFF	4
899	#FFFFFF	4
900	#FFFFFF	4
901	#FFFFFF	4
902	#FFFFFF	4
903	#FFFFFF	4
906	#FFFFFF	28
907	#FFFFFF	28
908	#FFFFFF	28
909	#FFFFFF	28
910	#FFFFFF	28
912	#FFFFFF	28
913	#FFFFFF	28
914	#FFFFFF	28
915	#FFFFFF	28
916	#FFFFFF	28
917	#FFFFFF	28
918	#FFFFFF	28
919	#FFFFFF	28
920	#FFFFFF	28
921	#FFFFFF	28
922	#FFFFFF	28
923	#FFFFFF	28
924	#FFFFFF	28
925	#FFFFFF	4
926	#FFFFFF	4
927	#FFFFFF	28
928	#FFFFFF	4
929	#FFFFFF	4
930	#FFFFFF	4
931	#FFFFFF	4
932	#FFFFFF	4
933	#FFFFFF	4
934	#FFFFFF	28
935	#FFFFFF	4
936	#FFFFFF	4
937	#FFFFFF	4
938	#FFFFFF	4
939	#FFFFFF	4
940	#FFFFFF	4
941	#FFFFFF	4
942	#FFFFFF	4
944	#FFFFFF	4
946	#FFFFFF	4
947	#FFFFFF	4
948	#FFFFFF	4
949	#FFFFFF	4
950	#FFFFFF	4
951	#FFFFFF	4
952	#FFFFFF	4
953	#FFFFFF	4
954	#FFFFFF	4
957	#FFFFFF	28
958	#FFFFFF	28
959	#FFFFFF	28
963	#FFFFFF	28
964	#FFFFFF	28
965	#FFFFFF	28
966	#FFFFFF	28
967	#FFFFFF	28
968	#FFFFFF	28
969	#FFFFFF	28
970	#FFFFFF	28
971	#FFFFFF	28
972	#FFFFFF	28
973	#FFFFFF	28
974	#FFFFFF	28
975	#FFFFFF	28
976	#FFFFFF	4
978	#FFFFFF	28
979	#FFFFFF	4
980	#FFFFFF	4
981	#FFFFFF	4
982	#FFFFFF	4
983	#FFFFFF	4
984	#FFFFFF	28
985	#FFFFFF	4
986	#FFFFFF	4
987	#FFFFFF	4
988	#FFFFFF	4
989	#FFFFFF	4
990	#FFFFFF	4
991	#FFFFFF	4
992	#FFFFFF	4
993	#FFFFFF	4
994	#FFFFFF	4
995	#FFFFFF	28
996	#FFFFFF	4
997	#FFFFFF	4
998	#FFFFFF	4
999	#FFFFFF	4
1000	#FFFFFF	4
1001	#FFFFFF	4
1002	#FFFFFF	4
1003	#FFFFFF	4
1004	#FFFFFF	4
1008	#FFFFFF	28
1009	#FFFFFF	28
1010	#FFFFFF	28
1011	#FFFFFF	28
1012	#FFFFFF	28
1014	#FFFFFF	28
1015	#FFFFFF	28
1016	#FFFFFF	28
1017	#FFFFFF	4
1018	#FFFFFF	4
1019	#FFFFFF	28
1020	#FFFFFF	28
1021	#FFFFFF	28
1022	#FFFFFF	28
1023	#FFFFFF	28
1024	#FFFFFF	4
1025	#FFFFFF	28
1026	#FFFFFF	28
1027	#FFFFFF	28
1029	#FFFFFF	4
1030	#FFFFFF	4
1031	#FFFFFF	4
1032	#FFFFFF	4
1033	#FFFFFF	4
1034	#FFFFFF	4
1035	#FFFFFF	4
1036	#FFFFFF	4
1037	#FFFFFF	4
1038	#FFFFFF	4
1039	#FFFFFF	4
1040	#FFFFFF	4
1041	#FFFFFF	4
1042	#FFFFFF	4
1043	#FFFFFF	4
1044	#FFFFFF	4
1045	#FFFFFF	4
1046	#FFFFFF	28
1047	#FFFFFF	4
1048	#FFFFFF	4
1049	#FFFFFF	4
1050	#FFFFFF	4
1051	#FFFFFF	4
1052	#FFFFFF	4
1053	#FFFFFF	4
1054	#FFFFFF	4
1055	#FFFFFF	4
1059	#FFFFFF	28
1060	#FFFFFF	28
1062	#FFFFFF	28
1063	#FFFFFF	28
1064	#FFFFFF	28
1065	#FFFFFF	28
1066	#FFFFFF	28
1067	#FFFFFF	28
1068	#FFFFFF	4
1069	#FFFFFF	28
1070	#FFFFFF	28
1071	#FFFFFF	28
1072	#FFFFFF	28
1073	#FFFFFF	28
1075	#FFFFFF	28
1076	#FFFFFF	28
1077	#FFFFFF	28
1078	#FFFFFF	4
1079	#FFFFFF	4
1080	#FFFFFF	4
1081	#FFFFFF	4
1082	#FFFFFF	4
1083	#FFFFFF	4
1084	#FFFFFF	4
1085	#FFFFFF	4
1086	#FFFFFF	4
1087	#FFFFFF	4
1088	#FFFFFF	4
1089	#FFFFFF	4
1090	#FFFFFF	4
1091	#FFFFFF	4
1092	#FFFFFF	4
1093	#FFFFFF	4
1094	#FFFFFF	4
1095	#FFFFFF	4
1096	#FFFFFF	4
1097	#FFFFFF	4
1098	#FFFFFF	4
1099	#FFFFFF	4
1100	#FFFFFF	4
1101	#FFFFFF	4
1102	#FFFFFF	4
1103	#FFFFFF	4
1104	#FFFFFF	4
1105	#FFFFFF	4
1107	#FFFFFF	28
1111	#FFFFFF	28
1112	#FFFFFF	28
1113	#FFFFFF	28
1114	#FFFFFF	4
1115	#FFFFFF	28
1116	#FFFFFF	28
1117	#FFFFFF	28
1118	#FFFFFF	4
1119	#FFFFFF	4
1120	#FFFFFF	4
1121	#FFFFFF	28
1122	#FFFFFF	28
1123	#FFFFFF	28
1124	#FFFFFF	28
1125	#FFFFFF	4
1126	#FFFFFF	28
1127	#FFFFFF	28
1128	#FFFFFF	28
1129	#FFFFFF	4
1130	#FFFFFF	4
1131	#FFFFFF	4
1132	#FFFFFF	4
1133	#FFFFFF	4
1134	#FFFFFF	4
1135	#FFFFFF	4
1136	#FFFFFF	4
1137	#FFFFFF	4
1138	#FFFFFF	4
1139	#FFFFFF	4
1140	#FFFFFF	4
1141	#FFFFFF	4
1142	#FFFFFF	4
1143	#FFFFFF	4
1144	#FFFFFF	4
1145	#FFFFFF	4
1146	#FFFFFF	4
1147	#FFFFFF	28
1148	#FFFFFF	4
1149	#FFFFFF	4
1150	#FFFFFF	4
1151	#FFFFFF	4
1152	#FFFFFF	4
1153	#FFFFFF	4
1154	#FFFFFF	4
1155	#FFFFFF	4
1156	#FFFFFF	4
1157	#FFFFFF	28
1161	#FFFFFF	28
1163	#FFFFFF	4
1164	#FFFFFF	4
1165	#FFFFFF	4
1166	#FFFFFF	4
1167	#FFFFFF	4
1168	#FFFFFF	322
1170	#FFFFFF	4
1171	#FFFFFF	322
1172	#FFFFFF	322
1173	#FFFFFF	322
1174	#FFFFFF	322
1175	#FFFFFF	4
1176	#FFFFFF	322
1177	#FFFFFF	4
1178	#FFFFFF	4
1179	#FFFFFF	4
1180	#FFFFFF	123
1181	#FFFFFF	4
1182	#FFFFFF	123
1183	#FFFFFF	123
1184	#FFFFFF	123
1185	#FFFFFF	123
1186	#FFFFFF	4
1187	#FFFFFF	123
1188	#FFFFFF	123
1189	#FFFFFF	123
1190	#FFFFFF	123
1191	#FFFFFF	123
1192	#FFFFFF	123
1193	#FFFFFF	123
1194	#FFFFFF	4
1195	#FFFFFF	4
1196	#FFFFFF	4
1197	#FFFFFF	4
1198	#FFFFFF	4
1199	#FFFFFF	4
1200	#FFFFFF	4
1201	#FFFFFF	4
1202	#FFFFFF	4
1203	#FFFFFF	4
1204	#FFFFFF	4
1205	#FFFFFF	4
1206	#FFFFFF	4
1208	#FFFFFF	4
1209	#FFFFFF	28
1210	#FFFFFF	28
1211	#FFFFFF	4
1212	#FFFFFF	4
1213	#FFFFFF	28
1214	#FFFFFF	4
1215	#FFFFFF	4
1216	#FFFFFF	4
1217	#FFFFFF	4
1218	#FFFFFF	4
1219	#FFFFFF	322
1220	#FFFFFF	4
1221	#FFFFFF	4
1222	#FFFFFF	322
1223	#FFFFFF	322
1224	#FFFFFF	322
1225	#FFFFFF	322
1226	#FFFFFF	4
1227	#FFFFFF	4
1228	#FFFFFF	4
1229	#FFFFFF	4
1230	#FFFFFF	4
1231	#FFFFFF	4
1232	#FFFFFF	4
1233	#FFFFFF	4
1234	#FFFFFF	123
1235	#FFFFFF	123
1236	#FFFFFF	123
1237	#FFFFFF	4
1238	#FFFFFF	123
1239	#FFFFFF	123
1240	#FFFFFF	123
1241	#FFFFFF	123
1242	#FFFFFF	123
1243	#FFFFFF	4
1244	#FFFFFF	4
1245	#FFFFFF	4
1246	#FFFFFF	4
1247	#FFFFFF	4
1248	#FFFFFF	4
1249	#FFFFFF	4
1250	#FFFFFF	4
1251	#FFFFFF	4
1252	#FFFFFF	4
1253	#FFFFFF	4
1254	#FFFFFF	4
1255	#FFFFFF	4
1256	#FFFFFF	4
1257	#FFFFFF	4
1258	#FFFFFF	28
1259	#FFFFFF	28
1260	#FFFFFF	4
1261	#FFFFFF	4
1262	#FFFFFF	4
1264	#FFFFFF	28
1265	#FFFFFF	4
1266	#FFFFFF	28
1267	#FFFFFF	28
1268	#FFFFFF	28
1269	#FFFFFF	28
1270	#FFFFFF	4
1271	#FFFFFF	4
1272	#FFFFFF	4
1273	#FFFFFF	28
1274	#FFFFFF	28
1275	#FFFFFF	28
1276	#FFFFFF	28
1277	#FFFFFF	28
1278	#FFFFFF	28
1279	#FFFFFF	4
1280	#FFFFFF	4
1281	#FFFFFF	4
1282	#FFFFFF	4
1283	#FFFFFF	4
1284	#FFFFFF	4
1285	#FFFFFF	4
1286	#FFFFFF	4
1288	#FFFFFF	4
1289	#FFFFFF	4
1290	#FFFFFF	4
1291	#FFFFFF	4
1292	#FFFFFF	4
1293	#FFFFFF	4
1294	#FFFFFF	4
1295	#FFFFFF	4
1296	#FFFFFF	4
1297	#FFFFFF	4
1298	#FFFFFF	28
1299	#FFFFFF	4
1300	#FFFFFF	4
1301	#FFFFFF	4
1302	#FFFFFF	4
1303	#FFFFFF	4
1304	#FFFFFF	4
1305	#FFFFFF	4
1306	#FFFFFF	4
1307	#FFFFFF	4
1309	#FFFFFF	28
1310	#FFFFFF	28
1313	#FFFFFF	28
1314	#FFFFFF	28
1315	#FFFFFF	28
1316	#FFFFFF	28
1317	#FFFFFF	28
1318	#FFFFFF	28
1319	#FFFFFF	28
1320	#FFFFFF	4
1321	#FFFFFF	4
1322	#FFFFFF	4
1323	#FFFFFF	4
1324	#FFFFFF	4
1325	#FFFFFF	28
1326	#FFFFFF	28
1327	#FFFFFF	4
1328	#FFFFFF	28
1329	#FFFFFF	4
1330	#FFFFFF	4
1331	#FFFFFF	4
1332	#FFFFFF	4
1333	#FFFFFF	4
1334	#FFFFFF	4
1335	#FFFFFF	4
1336	#FFFFFF	4
1337	#FFFFFF	4
1339	#FFFFFF	4
1340	#FFFFFF	4
1341	#FFFFFF	4
1342	#FFFFFF	4
1343	#FFFFFF	4
1344	#FFFFFF	4
1345	#FFFFFF	4
1346	#FFFFFF	4
1347	#FFFFFF	4
1348	#FFFFFF	4
1349	#FFFFFF	28
1350	#FFFFFF	4
1351	#FFFFFF	4
1352	#FFFFFF	4
1353	#FFFFFF	4
1354	#FFFFFF	4
1355	#FFFFFF	4
1356	#FFFFFF	4
1357	#FFFFFF	4
1358	#FFFFFF	4
1359	#FFFFFF	28
1360	#FFFFFF	28
1365	#FFFFFF	28
1366	#FFFFFF	28
1367	#FFFFFF	28
1368	#FFFFFF	28
1369	#FFFFFF	28
1370	#FFFFFF	28
1371	#FFFFFF	4
1372	#FFFFFF	4
1373	#FFFFFF	4
1374	#FFFFFF	4
1375	#FFFFFF	4
1376	#FFFFFF	4
1377	#FFFFFF	28
1378	#FFFFFF	28
1379	#FFFFFF	4
1380	#FFFFFF	4
1381	#FFFFFF	4
1382	#FFFFFF	4
1383	#FFFFFF	4
1384	#FFFFFF	4
1385	#FFFFFF	4
1386	#FFFFFF	4
1387	#FFFFFF	4
1388	#FFFFFF	4
1389	#FFFFFF	4
1390	#FFFFFF	4
1391	#FFFFFF	4
1392	#FFFFFF	4
1393	#FFFFFF	4
1394	#FFFFFF	4
1395	#FFFFFF	4
1396	#FFFFFF	4
1397	#FFFFFF	4
1398	#FFFFFF	4
1400	#FFFFFF	4
1401	#FFFFFF	4
1402	#FFFFFF	4
1403	#FFFFFF	4
1404	#FFFFFF	4
1405	#FFFFFF	4
1406	#FFFFFF	4
1407	#FFFFFF	4
1408	#FFFFFF	4
1410	#FFFFFF	28
1411	#FFFFFF	28
1412	#FFFFFF	28
1415	#FFFFFF	28
1416	#FFFFFF	4
1417	#FFFFFF	4
1418	#FFFFFF	28
1419	#FFFFFF	28
1420	#FFFFFF	28
1421	#FFFFFF	4
1422	#FFFFFF	4
1423	#FFFFFF	4
1424	#FFFFFF	4
1425	#FFFFFF	4
1426	#FFFFFF	4
1427	#FFFFFF	28
1428	#FFFFFF	4
1429	#FFFFFF	4
1430	#FFFFFF	4
1431	#FFFFFF	4
1432	#FFFFFF	4
1433	#FFFFFF	4
1434	#FFFFFF	4
1435	#FFFFFF	4
1436	#FFFFFF	4
1437	#FFFFFF	4
1438	#FFFFFF	4
1439	#FFFFFF	4
1440	#FFFFFF	4
1441	#FFFFFF	4
1442	#FFFFFF	4
1443	#FFFFFF	4
1444	#FFFFFF	4
1445	#FFFFFF	4
1446	#FFFFFF	4
1447	#FFFFFF	4
1448	#FFFFFF	4
1449	#FFFFFF	4
1451	#FFFFFF	4
1452	#FFFFFF	4
1453	#FFFFFF	4
1454	#FFFFFF	4
1455	#FFFFFF	4
1456	#FFFFFF	4
1457	#FFFFFF	4
1458	#FFFFFF	4
1459	#FFFFFF	4
1460	#FFFFFF	28
1461	#FFFFFF	28
1462	#FFFFFF	28
1466	#FFFFFF	28
1467	#FFFFFF	4
1470	#FFFFFF	28
1471	#FFFFFF	4
1472	#FFFFFF	4
1473	#FFFFFF	4
1474	#FFFFFF	4
1475	#FFFFFF	4
1476	#FFFFFF	4
1477	#FFFFFF	4
1478	#FFFFFF	4
1479	#FFFFFF	4
1480	#FFFFFF	4
1481	#FFFFFF	4
1482	#FFFFFF	4
1483	#FFFFFF	4
1484	#FFFFFF	4
1485	#FFFFFF	4
1486	#FFFFFF	4
1487	#FFFFFF	4
1488	#FFFFFF	4
1489	#FFFFFF	4
1490	#FFFFFF	4
1491	#FFFFFF	4
1492	#FFFFFF	4
1493	#FFFFFF	4
1494	#FFFFFF	4
1495	#FFFFFF	4
1496	#FFFFFF	4
1497	#FFFFFF	4
1498	#FFFFFF	4
1499	#FFFFFF	4
1500	#FFFFFF	4
1501	#FFFFFF	4
1502	#FFFFFF	4
1503	#FFFFFF	4
1504	#FFFFFF	4
1505	#FFFFFF	4
1506	#FFFFFF	4
1507	#FFFFFF	4
1508	#FFFFFF	4
1509	#FFFFFF	4
1512	#FFFFFF	28
1513	#FFFFFF	28
1514	#FFFFFF	28
1516	#FFFFFF	28
1517	#FFFFFF	28
1518	#FFFFFF	4
1520	#FFFFFF	28
1521	#FFFFFF	28
1522	#FFFFFF	4
1523	#FFFFFF	4
1524	#FFFFFF	4
1525	#FFFFFF	4
1526	#FFFFFF	4
1527	#FFFFFF	4
1528	#FFFFFF	4
1529	#FFFFFF	4
1530	#FFFFFF	4
1531	#FFFFFF	4
1532	#FFFFFF	4
1533	#FFFFFF	4
1534	#FFFFFF	4
1535	#FFFFFF	4
1536	#FFFFFF	4
1537	#FFFFFF	4
1538	#FFFFFF	4
1539	#FFFFFF	4
1540	#FFFFFF	4
1541	#FFFFFF	4
1542	#FFFFFF	4
1543	#FFFFFF	4
1544	#FFFFFF	4
1545	#FFFFFF	4
1546	#FFFFFF	4
1547	#FFFFFF	4
1548	#FFFFFF	4
1549	#FFFFFF	4
1550	#FFFFFF	4
1551	#FFFFFF	4
1552	#FFFFFF	4
1553	#FFFFFF	4
1554	#FFFFFF	4
1555	#FFFFFF	4
1556	#FFFFFF	4
1557	#FFFFFF	4
1558	#FFFFFF	4
1559	#FFFFFF	4
1560	#FFFFFF	4
1562	#FFFFFF	28
1563	#FFFFFF	28
1564	#FFFFFF	28
1567	#FFFFFF	28
1568	#FFFFFF	4
1572	#FFFFFF	28
1573	#FFFFFF	4
1574	#FFFFFF	4
1575	#FFFFFF	4
1576	#FFFFFF	4
1577	#FFFFFF	4
1578	#FFFFFF	4
1579	#FFFFFF	4
1580	#FFFFFF	4
1581	#FFFFFF	4
1582	#FFFFFF	4
1583	#FFFFFF	4
1584	#FFFFFF	4
1585	#FFFFFF	4
1586	#FFFFFF	4
1587	#FFFFFF	4
1588	#FFFFFF	4
1589	#FFFFFF	4
1590	#FFFFFF	4
1591	#FFFFFF	4
1592	#FFFFFF	4
1593	#FFFFFF	4
1594	#FFFFFF	4
1595	#FFFFFF	4
1596	#FFFFFF	4
1597	#FFFFFF	4
1598	#FFFFFF	4
1599	#FFFFFF	4
1600	#FFFFFF	4
1601	#FFFFFF	4
1602	#FFFFFF	4
1603	#FFFFFF	4
1604	#FFFFFF	4
1605	#FFFFFF	4
1606	#FFFFFF	4
1607	#FFFFFF	4
1608	#FFFFFF	4
1609	#FFFFFF	4
1610	#FFFFFF	4
1612	#FFFFFF	4
1614	#FFFFFF	28
1615	#FFFFFF	28
1616	#FFFFFF	28
1617	#FFFFFF	4
1618	#FFFFFF	4
1619	#FFFFFF	4
1623	#FFFFFF	4
1624	#FFFFFF	4
1625	#FFFFFF	4
1626	#FFFFFF	4
1627	#FFFFFF	4
1628	#FFFFFF	4
1629	#FFFFFF	4
1630	#FFFFFF	4
1631	#FFFFFF	4
1632	#FFFFFF	4
1633	#FFFFFF	4
1634	#FFFFFF	4
1635	#FFFFFF	4
1636	#FFFFFF	4
1637	#FFFFFF	4
1638	#FFFFFF	4
1639	#FFFFFF	4
1640	#FFFFFF	4
1641	#FFFFFF	4
1642	#FFFFFF	4
1643	#FFFFFF	4
1644	#FFFFFF	4
1645	#FFFFFF	4
1646	#FFFFFF	4
1647	#FFFFFF	4
1648	#FFFFFF	4
1649	#FFFFFF	4
1650	#FFFFFF	4
1651	#FFFFFF	4
1652	#FFFFFF	4
1653	#FFFFFF	4
1654	#FFFFFF	4
1655	#FFFFFF	4
1656	#FFFFFF	4
1657	#FFFFFF	4
1658	#FFFFFF	4
1659	#FFFFFF	4
1660	#FFFFFF	4
1661	#FFFFFF	4
1662	#FFFFFF	4
1664	#FFFFFF	4
1665	#FFFFFF	28
1666	#FFFFFF	4
1668	#FFFFFF	4
1669	#FFFFFF	4
1670	#FFFFFF	4
1674	#FFFFFF	4
1675	#FFFFFF	4
1676	#FFFFFF	4
1677	#FFFFFF	4
1678	#FFFFFF	4
1679	#FFFFFF	4
1680	#FFFFFF	4
1681	#FFFFFF	4
1682	#FFFFFF	4
1683	#FFFFFF	4
1684	#FFFFFF	4
1685	#FFFFFF	4
1686	#FFFFFF	4
1687	#FFFFFF	4
1688	#FFFFFF	4
1689	#FFFFFF	4
1690	#FFFFFF	4
1691	#FFFFFF	4
1692	#FFFFFF	4
1693	#FFFFFF	4
1694	#FFFFFF	4
1695	#FFFFFF	4
1696	#FFFFFF	4
1697	#FFFFFF	4
1698	#FFFFFF	4
1699	#FFFFFF	4
1700	#FFFFFF	4
1701	#FFFFFF	4
1702	#FFFFFF	4
1703	#FFFFFF	4
1704	#FFFFFF	4
1705	#FFFFFF	4
1706	#FFFFFF	4
1707	#FFFFFF	4
1708	#FFFFFF	4
1709	#FFFFFF	4
1710	#FFFFFF	4
1711	#FFFFFF	4
1713	#FFFFFF	4
1714	#FFFFFF	4
1716	#FFFFFF	4
1717	#FFFFFF	4
1718	#FFFFFF	4
1719	#FFFFFF	4
1720	#FFFFFF	4
1721	#FFFFFF	28
1725	#FFFFFF	4
1726	#FFFFFF	4
1727	#FFFFFF	4
1728	#FFFFFF	4
1729	#FFFFFF	4
1730	#FFFFFF	4
1731	#FFFFFF	4
1732	#FFFFFF	4
1733	#FFFFFF	4
1734	#FFFFFF	4
1735	#FFFFFF	4
1736	#FFFFFF	4
1737	#FFFFFF	4
1738	#FFFFFF	4
1739	#FFFFFF	4
1740	#FFFFFF	4
1741	#FFFFFF	4
1742	#FFFFFF	4
1743	#FFFFFF	4
1744	#FFFFFF	4
1745	#FFFFFF	4
1746	#FFFFFF	4
1747	#FFFFFF	4
1748	#FFFFFF	4
1749	#FFFFFF	4
1750	#FFFFFF	4
1751	#FFFFFF	4
1752	#FFFFFF	4
1753	#FFFFFF	4
1754	#FFFFFF	4
1755	#FFFFFF	4
1756	#FFFFFF	4
1757	#FFFFFF	4
1758	#FFFFFF	4
1759	#FFFFFF	4
1760	#FFFFFF	4
1761	#FFFFFF	4
1762	#FFFFFF	4
1763	#FFFFFF	4
1766	#FFFFFF	4
1767	#FFFFFF	28
1769	#FFFFFF	4
1770	#FFFFFF	4
1771	#FFFFFF	28
1772	#FFFFFF	28
1776	#FFFFFF	4
1777	#FFFFFF	4
1778	#FFFFFF	4
1779	#FFFFFF	4
1780	#FFFFFF	4
1781	#FFFFFF	4
1782	#FFFFFF	4
1783	#FFFFFF	4
1784	#FFFFFF	4
1785	#FFFFFF	4
1786	#FFFFFF	4
1787	#FFFFFF	4
1788	#FFFFFF	4
1789	#FFFFFF	4
1790	#FFFFFF	4
1791	#FFFFFF	4
1792	#FFFFFF	4
1793	#FFFFFF	4
1794	#FFFFFF	4
1795	#FFFFFF	4
1796	#FFFFFF	4
1797	#FFFFFF	4
1798	#FFFFFF	4
1799	#FFFFFF	4
1800	#FFFFFF	4
1801	#FFFFFF	4
1802	#FFFFFF	4
1803	#FFFFFF	4
1804	#FFFFFF	4
1805	#FFFFFF	4
1806	#FFFFFF	4
1807	#FFFFFF	4
1808	#FFFFFF	4
1809	#FFFFFF	4
1810	#FFFFFF	4
1811	#FFFFFF	4
1812	#FFFFFF	4
1814	#FFFFFF	4
1815	#FFFFFF	4
1816	#FFFFFF	4
1818	#FFFFFF	28
1819	#FFFFFF	4
1820	#FFFFFF	4
1821	#FFFFFF	4
1822	#FFFFFF	28
1823	#FFFFFF	28
1827	#FFFFFF	4
1828	#FFFFFF	4
1829	#FFFFFF	4
1830	#FFFFFF	4
1831	#FFFFFF	4
1832	#FFFFFF	4
1833	#FFFFFF	4
1834	#FFFFFF	4
1835	#FFFFFF	4
1836	#FFFFFF	4
1837	#FFFFFF	4
1838	#FFFFFF	4
1839	#FFFFFF	4
1840	#FFFFFF	4
1841	#FFFFFF	4
1842	#FFFFFF	4
1843	#FFFFFF	4
1844	#FFFFFF	4
1845	#FFFFFF	4
1846	#FFFFFF	4
1847	#FFFFFF	4
1848	#FFFFFF	4
1849	#FFFFFF	4
1850	#FFFFFF	4
1851	#FFFFFF	4
1852	#FFFFFF	4
1853	#FFFFFF	4
1854	#FFFFFF	4
1855	#FFFFFF	4
1856	#FFFFFF	4
1857	#FFFFFF	4
1858	#FFFFFF	4
1859	#FFFFFF	4
1860	#FFFFFF	4
1861	#FFFFFF	4
1862	#FFFFFF	4
1863	#FFFFFF	4
1864	#FFFFFF	4
1865	#FFFFFF	4
1866	#FFFFFF	4
1868	#FFFFFF	28
1870	#FFFFFF	4
1871	#FFFFFF	4
1872	#FFFFFF	28
1873	#FFFFFF	28
1874	#FFFFFF	4
1878	#FFFFFF	4
1879	#FFFFFF	4
1880	#FFFFFF	4
1881	#FFFFFF	4
1882	#FFFFFF	4
1883	#FFFFFF	4
1884	#FFFFFF	4
1885	#FFFFFF	4
1886	#FFFFFF	4
1887	#FFFFFF	4
1888	#FFFFFF	4
1889	#FFFFFF	4
1890	#FFFFFF	4
1891	#FFFFFF	4
1892	#FFFFFF	4
1893	#FFFFFF	4
1894	#FFFFFF	4
1895	#FFFFFF	4
1896	#FFFFFF	4
1897	#FFFFFF	4
1898	#FFFFFF	4
1899	#FFFFFF	4
1900	#FFFFFF	4
1901	#FFFFFF	4
1902	#FFFFFF	4
1903	#FFFFFF	4
1904	#FFFFFF	4
1905	#FFFFFF	4
1906	#FFFFFF	4
1907	#FFFFFF	4
1908	#FFFFFF	4
1909	#FFFFFF	4
1910	#FFFFFF	4
1911	#FFFFFF	4
1912	#FFFFFF	4
1913	#FFFFFF	4
1915	#FFFFFF	4
1916	#FFFFFF	4
1917	#FFFFFF	4
1918	#FFFFFF	28
1920	#FFFFFF	4
1921	#FFFFFF	4
1922	#FFFFFF	4
1923	#FFFFFF	28
1924	#FFFFFF	4
1925	#FFFFFF	4
1929	#FFFFFF	4
1930	#FFFFFF	4
1931	#FFFFFF	4
1932	#FFFFFF	4
1933	#FFFFFF	4
1934	#FFFFFF	4
1935	#FFFFFF	4
1936	#FFFFFF	4
1937	#FFFFFF	4
1938	#FFFFFF	4
1939	#FFFFFF	4
1940	#FFFFFF	4
1941	#FFFFFF	4
1942	#FFFFFF	4
1943	#FFFFFF	4
1944	#FFFFFF	4
1945	#FFFFFF	4
1946	#FFFFFF	4
1947	#FFFFFF	4
1948	#FFFFFF	4
1949	#FFFFFF	4
1950	#FFFFFF	4
1951	#FFFFFF	4
1952	#FFFFFF	4
1953	#FFFFFF	4
1954	#FFFFFF	4
1955	#FFFFFF	4
1956	#FFFFFF	4
1957	#FFFFFF	4
1958	#FFFFFF	4
1959	#FFFFFF	4
1960	#FFFFFF	4
1961	#FFFFFF	4
1962	#FFFFFF	4
1963	#FFFFFF	4
1964	#FFFFFF	4
1965	#FFFFFF	4
1966	#FFFFFF	4
1967	#FFFFFF	28
1968	#FFFFFF	28
1971	#FFFFFF	4
1972	#FFFFFF	4
1974	#FFFFFF	4
1975	#FFFFFF	4
1976	#FFFFFF	4
1980	#FFFFFF	4
1981	#FFFFFF	4
1982	#FFFFFF	4
1983	#FFFFFF	4
1984	#FFFFFF	4
1985	#FFFFFF	4
1986	#FFFFFF	4
1987	#FFFFFF	4
1988	#FFFFFF	4
1989	#FFFFFF	4
1990	#FFFFFF	4
1991	#FFFFFF	4
1992	#FFFFFF	4
1993	#FFFFFF	4
1994	#FFFFFF	4
1995	#FFFFFF	4
1996	#FFFFFF	4
1997	#FFFFFF	4
1998	#FFFFFF	4
1999	#FFFFFF	4
2000	#FFFFFF	4
2001	#FFFFFF	4
2002	#FFFFFF	4
2003	#FFFFFF	4
2004	#FFFFFF	4
2005	#FFFFFF	4
2006	#FFFFFF	4
2007	#FFFFFF	4
2008	#FFFFFF	4
2009	#FFFFFF	4
2010	#FFFFFF	4
2011	#FFFFFF	4
2012	#FFFFFF	4
2013	#FFFFFF	4
2014	#FFFFFF	4
2016	#FFFFFF	4
2017	#FFFFFF	4
2018	#FFFFFF	4
2019	#FFFFFF	28
2020	#FFFFFF	28
2021	#FFFFFF	4
2022	#FFFFFF	4
2023	#FFFFFF	4
2025	#FFFFFF	4
2026	#FFFFFF	4
2031	#FFFFFF	4
2032	#FFFFFF	4
2033	#FFFFFF	4
2034	#FFFFFF	4
2035	#FFFFFF	4
2036	#FFFFFF	4
2037	#FFFFFF	4
2038	#FFFFFF	4
2039	#FFFFFF	4
2040	#FFFFFF	4
2041	#FFFFFF	4
2042	#FFFFFF	4
2043	#FFFFFF	4
2044	#FFFFFF	4
2045	#FFFFFF	4
2046	#FFFFFF	4
2047	#FFFFFF	4
2048	#FFFFFF	4
2049	#FFFFFF	4
2050	#FFFFFF	4
2051	#FFFFFF	4
2052	#FFFFFF	4
2053	#FFFFFF	4
2054	#FFFFFF	4
2055	#FFFFFF	4
2056	#FFFFFF	4
2057	#FFFFFF	4
2058	#FFFFFF	4
2059	#FFFFFF	4
2060	#FFFFFF	4
2061	#FFFFFF	4
2062	#FFFFFF	4
2063	#FFFFFF	4
2064	#FFFFFF	4
2065	#FFFFFF	4
2066	#FFFFFF	4
2067	#FFFFFF	4
2068	#FFFFFF	4
2069	#FFFFFF	4
2070	#FFFFFF	28
2072	#FFFFFF	4
2073	#FFFFFF	4
2076	#FFFFFF	4
2077	#FFFFFF	4
2082	#FFFFFF	4
2083	#FFFFFF	4
2084	#FFFFFF	4
2085	#FFFFFF	4
2086	#FFFFFF	4
2087	#FFFFFF	4
2088	#FFFFFF	4
2089	#FFFFFF	4
2090	#FFFFFF	4
2091	#FFFFFF	4
2092	#FFFFFF	4
2093	#FFFFFF	4
2094	#FFFFFF	4
2095	#FFFFFF	4
2096	#FFFFFF	4
2097	#FFFFFF	4
2098	#FFFFFF	4
2099	#FFFFFF	4
2100	#FFFFFF	4
2101	#FFFFFF	4
2102	#FFFFFF	4
2103	#FFFFFF	4
2104	#FFFFFF	4
2105	#FFFFFF	4
2106	#FFFFFF	4
2107	#FFFFFF	4
2108	#FFFFFF	4
2109	#FFFFFF	4
2110	#FFFFFF	4
2111	#FFFFFF	4
2112	#FFFFFF	4
2113	#FFFFFF	4
2114	#FFFFFF	4
2115	#FFFFFF	4
2117	#FFFFFF	4
2118	#FFFFFF	4
2119	#FFFFFF	4
2120	#FFFFFF	4
2121	#FFFFFF	28
2122	#FFFFFF	4
2123	#FFFFFF	4
2124	#FFFFFF	4
2125	#FFFFFF	4
2127	#FFFFFF	4
2128	#FFFFFF	4
2129	#FFFFFF	4
2133	#FFFFFF	4
2134	#FFFFFF	4
2135	#FFFFFF	4
2136	#FFFFFF	4
2137	#FFFFFF	4
2138	#FFFFFF	4
2139	#FFFFFF	4
2140	#FFFFFF	4
2141	#FFFFFF	4
2142	#FFFFFF	4
2143	#FFFFFF	4
2144	#FFFFFF	4
2145	#FFFFFF	4
2146	#FFFFFF	4
2147	#FFFFFF	4
2148	#FFFFFF	4
2149	#FFFFFF	4
2150	#FFFFFF	4
2151	#FFFFFF	4
2152	#FFFFFF	4
2153	#FFFFFF	4
2154	#FFFFFF	4
2155	#FFFFFF	4
2156	#FFFFFF	4
2157	#FFFFFF	4
2158	#FFFFFF	4
2159	#FFFFFF	4
2160	#FFFFFF	4
2161	#FFFFFF	4
2162	#FFFFFF	4
2163	#FFFFFF	4
2164	#FFFFFF	4
2165	#FFFFFF	4
2166	#FFFFFF	4
2167	#FFFFFF	4
2168	#FFFFFF	4
2169	#FFFFFF	4
2170	#FFFFFF	28
2171	#FFFFFF	4
2173	#FFFFFF	4
2174	#FFFFFF	4
2175	#FFFFFF	4
2176	#FFFFFF	4
2180	#FFFFFF	4
2184	#FFFFFF	4
2185	#FFFFFF	440
2186	#FFFFFF	4
2187	#FFFFFF	4
2188	#FFFFFF	4
2189	#FFFFFF	4
2190	#FFFFFF	4
2191	#FFFFFF	4
2192	#FFFFFF	4
2193	#FFFFFF	4
2194	#FFFFFF	4
2195	#FFFFFF	4
2196	#FFFFFF	4
2197	#FFFFFF	4
2198	#FFFFFF	4
2199	#FFFFFF	4
2200	#FFFFFF	4
2201	#FFFFFF	4
2202	#FFFFFF	4
2203	#FFFFFF	4
2204	#FFFFFF	4
2205	#FFFFFF	4
2206	#FFFFFF	4
2207	#FFFFFF	4
2208	#FFFFFF	4
2209	#FFFFFF	4
2210	#FFFFFF	4
2211	#FFFFFF	4
2212	#FFFFFF	4
2213	#FFFFFF	4
2214	#FFFFFF	4
2215	#FFFFFF	4
2216	#FFFFFF	4
2218	#FFFFFF	4
2219	#FFFFFF	4
2220	#FFFFFF	4
2221	#FFFFFF	4
2222	#FFFFFF	4
2223	#FFFFFF	440
2224	#FFFFFF	440
2225	#FFFFFF	440
2226	#FFFFFF	4
2229	#FFFFFF	4
2230	#FFFFFF	4
2231	#FFFFFF	4
2235	#FFFFFF	4
2236	#FFFFFF	4
2237	#FFFFFF	4
2238	#FFFFFF	4
2239	#FFFFFF	4
2240	#FFFFFF	4
2241	#FFFFFF	4
2242	#FFFFFF	4
2243	#FFFFFF	4
2244	#FFFFFF	4
2245	#FFFFFF	4
2246	#FFFFFF	4
2247	#FFFFFF	4
2248	#FFFFFF	4
2249	#FFFFFF	4
2250	#FFFFFF	4
2251	#FFFFFF	4
2252	#FFFFFF	4
2253	#FFFFFF	4
2254	#FFFFFF	4
2255	#FFFFFF	4
2256	#FFFFFF	4
2257	#FFFFFF	4
2258	#FFFFFF	4
2259	#FFFFFF	4
2260	#FFFFFF	4
2261	#FFFFFF	4
2262	#FFFFFF	4
2263	#FFFFFF	4
2264	#FFFFFF	4
2265	#FFFFFF	4
2266	#FFFFFF	4
2267	#FFFFFF	4
2268	#FFFFFF	4
2269	#FFFFFF	4
2270	#FFFFFF	4
2271	#FFFFFF	4
2272	#FFFFFF	4
2274	#FFFFFF	4
2275	#FFFFFF	4
2276	#FFFFFF	4
2277	#FFFFFF	4
2278	#FFFFFF	4
2279	#FFFFFF	322
2280	#FFFFFF	4
2281	#FFFFFF	4
2282	#FFFFFF	322
2283	#FFFFFF	322
2284	#FFFFFF	322
2285	#FFFFFF	322
2286	#FFFFFF	4
2287	#FFFFFF	322
2288	#FFFFFF	4
2289	#FFFFFF	4
2290	#FFFFFF	4
2291	#FFFFFF	4
2292	#FFFFFF	4
2293	#FFFFFF	4
2294	#FFFFFF	123
2295	#FFFFFF	4
2296	#FFFFFF	123
2297	#FFFFFF	4
2298	#FFFFFF	123
2299	#FFFFFF	123
2300	#FFFFFF	123
2301	#FFFFFF	123
2302	#FFFFFF	4
2303	#FFFFFF	123
2304	#FFFFFF	4
2305	#FFFFFF	123
2306	#FFFFFF	4
2307	#FFFFFF	4
2308	#FFFFFF	4
2309	#FFFFFF	4
2310	#FFFFFF	4
2311	#FFFFFF	4
2312	#FFFFFF	4
2313	#FFFFFF	4
2314	#FFFFFF	4
2315	#FFFFFF	4
2316	#FFFFFF	4
2317	#FFFFFF	4
2319	#FFFFFF	28
2320	#FFFFFF	28
2321	#FFFFFF	4
2322	#FFFFFF	4
2323	#FFFFFF	4
2324	#FFFFFF	4
2325	#FFFFFF	4
2326	#FFFFFF	4
2327	#FFFFFF	4
2328	#FFFFFF	4
2329	#FFFFFF	4
2330	#FFFFFF	4
2331	#FFFFFF	4
2332	#FFFFFF	322
2333	#FFFFFF	322
2334	#FFFFFF	322
2335	#FFFFFF	322
2336	#FFFFFF	322
2337	#FFFFFF	4
2338	#FFFFFF	4
2339	#FFFFFF	322
2340	#FFFFFF	322
2341	#FFFFFF	4
2342	#FFFFFF	4
2343	#FFFFFF	4
2344	#FFFFFF	4
2345	#FFFFFF	4
2346	#FFFFFF	4
2347	#FFFFFF	123
2348	#FFFFFF	4
2349	#FFFFFF	123
2350	#FFFFFF	123
2351	#FFFFFF	123
2352	#FFFFFF	123
2353	#FFFFFF	4
2354	#FFFFFF	123
2355	#FFFFFF	123
2356	#FFFFFF	4
2357	#FFFFFF	4
2358	#FFFFFF	4
2359	#FFFFFF	28
2360	#FFFFFF	4
2361	#FFFFFF	4
2362	#FFFFFF	4
2363	#FFFFFF	4
2364	#FFFFFF	4
2365	#FFFFFF	4
2366	#FFFFFF	4
2367	#FFFFFF	4
2368	#FFFFFF	4
2369	#FFFFFF	28
2370	#FFFFFF	4
2371	#FFFFFF	4
2372	#FFFFFF	4
2373	#FFFFFF	4
2376	#FFFFFF	440
2377	#FFFFFF	4
2378	#FFFFFF	4
2381	#FFFFFF	4
2382	#FFFFFF	4
2387	#FFFFFF	4
2388	#FFFFFF	4
2389	#FFFFFF	4
2390	#FFFFFF	4
2391	#FFFFFF	4
2392	#FFFFFF	4
2393	#FFFFFF	4
2394	#FFFFFF	4
2395	#FFFFFF	4
2396	#FFFFFF	4
2397	#FFFFFF	4
2398	#FFFFFF	4
2399	#FFFFFF	4
2400	#FFFFFF	4
2401	#FFFFFF	4
2402	#FFFFFF	4
2403	#FFFFFF	4
2404	#FFFFFF	4
2405	#FFFFFF	4
2406	#FFFFFF	4
2407	#FFFFFF	4
2408	#FFFFFF	4
2409	#FFFFFF	4
2410	#FFFFFF	4
2411	#FFFFFF	4
2412	#FFFFFF	4
2413	#FFFFFF	4
2414	#FFFFFF	4
2415	#FFFFFF	4
2416	#FFFFFF	4
2417	#FFFFFF	4
2418	#FFFFFF	4
2420	#FFFFFF	4
2421	#FFFFFF	4
2422	#FFFFFF	4
2423	#FFFFFF	4
2424	#FFFFFF	4
2425	#FFFFFF	4
2426	#FFFFFF	440
2427	#FFFFFF	4
2428	#FFFFFF	4
2429	#FFFFFF	4
2433	#FFFFFF	4
2438	#FFFFFF	4
2439	#FFFFFF	4
2440	#FFFFFF	4
2441	#FFFFFF	4
2442	#FFFFFF	4
2443	#FFFFFF	4
2444	#FFFFFF	4
2445	#FFFFFF	4
2446	#FFFFFF	4
2447	#FFFFFF	4
2448	#FFFFFF	4
2449	#FFFFFF	4
2450	#FFFFFF	4
2451	#FFFFFF	4
2452	#FFFFFF	4
2453	#FFFFFF	4
2454	#FFFFFF	4
2455	#FFFFFF	4
2456	#FFFFFF	4
2457	#FFFFFF	4
2458	#FFFFFF	4
2459	#FFFFFF	4
2460	#FFFFFF	4
2461	#FFFFFF	4
2462	#FFFFFF	4
2463	#FFFFFF	4
2464	#FFFFFF	4
2465	#FFFFFF	4
2466	#FFFFFF	4
2467	#FFFFFF	4
2468	#FFFFFF	4
2469	#FFFFFF	4
2470	#FFFFFF	4
2471	#FFFFFF	4
2472	#FFFFFF	4
2473	#FFFFFF	4
2474	#FFFFFF	4
2476	#FFFFFF	440
2477	#FFFFFF	440
2478	#FFFFFF	4
2479	#FFFFFF	4
2483	#FFFFFF	4
2484	#FFFFFF	4
2488	#FFFFFF	4
2489	#FFFFFF	4
2490	#FFFFFF	4
2491	#FFFFFF	4
2492	#FFFFFF	4
2493	#FFFFFF	4
2494	#FFFFFF	4
2495	#FFFFFF	4
2496	#FFFFFF	4
2497	#FFFFFF	4
2498	#FFFFFF	4
2499	#FFFFFF	4
2500	#FFFFFF	4
2501	#FFFFFF	4
2502	#FFFFFF	4
2503	#FFFFFF	4
2504	#FFFFFF	4
2505	#FFFFFF	4
2506	#FFFFFF	4
2507	#FFFFFF	4
2508	#FFFFFF	4
2509	#FFFFFF	4
2510	#FFFFFF	4
2511	#FFFFFF	4
2512	#FFFFFF	4
2513	#FFFFFF	4
2514	#FFFFFF	4
2515	#FFFFFF	4
2516	#FFFFFF	4
2517	#FFFFFF	4
2518	#FFFFFF	4
2519	#FFFFFF	4
2521	#FFFFFF	4
2522	#FFFFFF	4
2523	#FFFFFF	4
2524	#FFFFFF	4
2525	#FFFFFF	4
2526	#FFFFFF	4
2527	#FFFFFF	4
2528	#FFFFFF	4
2529	#FFFFFF	4
2530	#FFFFFF	4
2531	#FFFFFF	4
2534	#FFFFFF	4
2535	#FFFFFF	4
2536	#FFFFFF	4
2539	#FFFFFF	4
2541	#FFFFFF	4
2542	#FFFFFF	4
2543	#FFFFFF	4
2544	#FFFFFF	4
2545	#FFFFFF	4
2546	#FFFFFF	4
2547	#FFFFFF	4
2548	#FFFFFF	4
2549	#FFFFFF	4
2550	#FFFFFF	4
2551	#FFFFFF	4
2552	#FFFFFF	4
2553	#FFFFFF	4
2554	#FFFFFF	4
2555	#FFFFFF	4
2556	#FFFFFF	4
2557	#FFFFFF	4
2558	#FFFFFF	4
2559	#FFFFFF	4
2560	#FFFFFF	4
2561	#FFFFFF	4
2562	#FFFFFF	4
2563	#FFFFFF	4
2564	#FFFFFF	4
2565	#FFFFFF	4
2566	#FFFFFF	4
2567	#FFFFFF	4
2568	#FFFFFF	4
2569	#FFFFFF	4
2570	#FFFFFF	4
2571	#FFFFFF	4
2572	#FFFFFF	4
2573	#FFFFFF	4
2574	#FFFFFF	4
2575	#FFFFFF	4
2577	#FFFFFF	4
2578	#FFFFFF	4
2579	#FFFFFF	4
2580	#FFFFFF	4
2581	#FFFFFF	4
2582	#FFFFFF	4
2585	#FFFFFF	4
2586	#FFFFFF	4
2587	#FFFFFF	4
2589	#FFFFFF	4
2592	#FFFFFF	4
2593	#FFFFFF	4
2594	#FFFFFF	4
2595	#FFFFFF	4
2596	#FFFFFF	4
2597	#FFFFFF	4
2598	#FFFFFF	4
2599	#FFFFFF	4
2601	#FFFFFF	4
2602	#FFFFFF	4
2603	#FFFFFF	4
2604	#FFFFFF	4
2605	#FFFFFF	4
2606	#FFFFFF	4
2607	#FFFFFF	4
2608	#FFFFFF	4
2609	#FFFFFF	4
2610	#FFFFFF	4
2611	#FFFFFF	4
2612	#FFFFFF	4
2613	#FFFFFF	4
2614	#FFFFFF	4
2615	#FFFFFF	4
2616	#FFFFFF	4
2617	#FFFFFF	4
2618	#FFFFFF	4
2619	#FFFFFF	4
2620	#FFFFFF	4
2622	#FFFFFF	4
2623	#FFFFFF	4
2624	#FFFFFF	4
2625	#FFFFFF	4
2626	#FFFFFF	4
2627	#FFFFFF	4
2628	#FFFFFF	4
2629	#FFFFFF	4
2630	#FFFFFF	4
2631	#FFFFFF	4
2632	#FFFFFF	4
2633	#FFFFFF	4
2636	#FFFFFF	4
2637	#FFFFFF	4
2638	#FFFFFF	4
2640	#FFFFFF	4
2643	#FFFFFF	4
2644	#FFFFFF	4
2645	#FFFFFF	4
2646	#FFFFFF	4
2647	#FFFFFF	4
2648	#FFFFFF	4
2649	#FFFFFF	4
2650	#FFFFFF	4
2651	#FFFFFF	4
2652	#FFFFFF	4
2653	#FFFFFF	4
2654	#FFFFFF	4
2655	#FFFFFF	4
2656	#FFFFFF	4
2657	#FFFFFF	4
2658	#FFFFFF	4
2659	#FFFFFF	4
2660	#FFFFFF	4
2661	#FFFFFF	4
2662	#FFFFFF	4
2663	#FFFFFF	4
2664	#FFFFFF	4
2665	#FFFFFF	4
2666	#FFFFFF	4
2667	#FFFFFF	4
2668	#FFFFFF	4
2669	#FFFFFF	4
2670	#FFFFFF	4
2671	#FFFFFF	4
2672	#FFFFFF	4
2673	#FFFFFF	4
2674	#FFFFFF	4
2675	#FFFFFF	4
2676	#FFFFFF	4
2678	#FFFFFF	4
2679	#FFFFFF	4
2680	#FFFFFF	4
2681	#FFFFFF	4
2682	#FFFFFF	4
2683	#FFFFFF	4
2684	#FFFFFF	4
2687	#FFFFFF	4
2688	#FFFFFF	4
2689	#FFFFFF	4
2690	#FFFFFF	4
2694	#FFFFFF	4
2695	#FFFFFF	4
2696	#FFFFFF	4
2697	#FFFFFF	4
2698	#FFFFFF	4
2699	#FFFFFF	4
2700	#FFFFFF	4
2701	#FFFFFF	4
2702	#FFFFFF	4
2703	#FFFFFF	4
2704	#FFFFFF	4
2705	#FFFFFF	4
2706	#FFFFFF	4
2707	#FFFFFF	4
2708	#FFFFFF	4
2709	#FFFFFF	4
2710	#FFFFFF	4
2711	#FFFFFF	4
2712	#FFFFFF	4
2713	#FFFFFF	4
2714	#FFFFFF	35
2715	#FFFFFF	4
2716	#FFFFFF	4
2717	#FFFFFF	4
2718	#FFFFFF	4
2719	#FFFFFF	4
2720	#FFFFFF	4
2721	#FFFFFF	4
2723	#FFFFFF	4
2724	#FFFFFF	4
2725	#FFFFFF	4
2726	#FFFFFF	4
2727	#FFFFFF	4
2728	#FFFFFF	4
2729	#FFFFFF	4
2730	#FFFFFF	4
2731	#FFFFFF	4
2732	#FFFFFF	4
2733	#FFFFFF	4
2734	#FFFFFF	4
2735	#FFFFFF	4
2738	#FFFFFF	4
2739	#FFFFFF	4
2740	#FFFFFF	4
2741	#FFFFFF	4
2745	#FFFFFF	4
2746	#FFFFFF	4
2747	#FFFFFF	4
2748	#FFFFFF	4
2749	#FFFFFF	4
2750	#FFFFFF	4
2751	#FFFFFF	4
2752	#FFFFFF	4
2753	#FFFFFF	4
2754	#FFFFFF	4
2755	#FFFFFF	4
2756	#FFFFFF	4
2757	#FFFFFF	4
2758	#FFFFFF	4
2759	#FFFFFF	4
2760	#FFFFFF	4
2761	#FFFFFF	4
2762	#FFFFFF	4
2763	#FFFFFF	4
2764	#FFFFFF	4
2765	#FFFFFF	35
2766	#FFFFFF	35
2767	#FFFFFF	35
2768	#FFFFFF	4
2769	#FFFFFF	4
2770	#FFFFFF	4
2771	#FFFFFF	4
2772	#FFFFFF	4
2773	#FFFFFF	4
2774	#FFFFFF	4
2775	#FFFFFF	4
2776	#FFFFFF	4
2777	#FFFFFF	4
2779	#FFFFFF	4
2780	#FFFFFF	4
2781	#FFFFFF	4
2782	#FFFFFF	4
2783	#FFFFFF	4
2784	#FFFFFF	4
2785	#FFFFFF	4
2786	#FFFFFF	4
2787	#FFFFFF	4
2789	#FFFFFF	4
2790	#FFFFFF	4
2791	#FFFFFF	4
2792	#FFFFFF	4
2796	#FFFFFF	4
2797	#FFFFFF	4
2798	#FFFFFF	4
2799	#FFFFFF	4
2800	#FFFFFF	4
2801	#FFFFFF	4
2802	#FFFFFF	4
2803	#FFFFFF	4
2804	#FFFFFF	4
2805	#FFFFFF	4
2806	#FFFFFF	4
2807	#FFFFFF	4
2808	#FFFFFF	4
2809	#FFFFFF	4
2810	#FFFFFF	4
2811	#FFFFFF	4
2812	#FFFFFF	4
2813	#FFFFFF	4
2814	#FFFFFF	35
2815	#FFFFFF	35
2816	#FFFFFF	35
2817	#FFFFFF	35
2818	#FFFFFF	4
2819	#FFFFFF	4
2820	#FFFFFF	4
2821	#FFFFFF	4
2822	#FFFFFF	4
2824	#FFFFFF	4
2825	#FFFFFF	4
2826	#FFFFFF	4
2827	#FFFFFF	4
2828	#FFFFFF	4
2829	#FFFFFF	4
2830	#FFFFFF	4
2831	#FFFFFF	4
2832	#FFFFFF	4
2833	#FFFFFF	4
2834	#FFFFFF	4
2835	#FFFFFF	4
2836	#FFFFFF	4
2837	#FFFFFF	4
2838	#FFFFFF	4
2840	#FFFFFF	4
2841	#FFFFFF	4
2842	#FFFFFF	4
2847	#FFFFFF	4
2848	#FFFFFF	4
2849	#FFFFFF	4
2850	#FFFFFF	4
2851	#FFFFFF	4
2852	#FFFFFF	4
2853	#FFFFFF	4
2854	#FFFFFF	4
2855	#FFFFFF	4
2856	#FFFFFF	4
2857	#FFFFFF	4
2858	#FFFFFF	4
2859	#FFFFFF	4
2860	#FFFFFF	4
2861	#FFFFFF	4
2862	#FFFFFF	4
2863	#FFFFFF	4
2864	#FFFFFF	4
2865	#FFFFFF	35
2866	#FFFFFF	35
2867	#FFFFFF	35
2868	#FFFFFF	4
2869	#FFFFFF	4
2870	#FFFFFF	4
2871	#FFFFFF	4
2872	#FFFFFF	4
2873	#FFFFFF	4
2874	#FFFFFF	4
2875	#FFFFFF	4
2876	#FFFFFF	4
2877	#FFFFFF	4
2878	#FFFFFF	4
2880	#FFFFFF	4
2881	#FFFFFF	4
2882	#FFFFFF	4
2883	#FFFFFF	4
2884	#FFFFFF	4
2885	#FFFFFF	4
2886	#FFFFFF	4
2887	#FFFFFF	4
2888	#FFFFFF	4
2889	#FFFFFF	4
2891	#FFFFFF	4
2892	#FFFFFF	4
2893	#FFFFFF	4
2897	#FFFFFF	4
2898	#FFFFFF	4
2899	#FFFFFF	4
2900	#FFFFFF	4
2901	#FFFFFF	4
2902	#FFFFFF	4
2903	#FFFFFF	4
2904	#FFFFFF	4
2905	#FFFFFF	4
2906	#FFFFFF	4
2907	#FFFFFF	4
2908	#FFFFFF	4
2909	#FFFFFF	4
2910	#FFFFFF	4
2911	#FFFFFF	4
2912	#FFFFFF	4
2913	#FFFFFF	4
2914	#FFFFFF	4
2915	#FFFFFF	4
2916	#FFFFFF	35
2917	#FFFFFF	35
2918	#FFFFFF	35
2919	#FFFFFF	4
2920	#FFFFFF	4
2921	#FFFFFF	35
2922	#FFFFFF	35
2923	#FFFFFF	35
2925	#FFFFFF	4
2926	#FFFFFF	4
2927	#FFFFFF	4
2928	#FFFFFF	4
2929	#FFFFFF	4
2930	#FFFFFF	4
2931	#FFFFFF	4
2932	#FFFFFF	4
2933	#FFFFFF	4
2934	#FFFFFF	4
2935	#FFFFFF	4
2936	#FFFFFF	4
2937	#FFFFFF	4
2938	#FFFFFF	4
2939	#FFFFFF	4
2942	#FFFFFF	4
2943	#FFFFFF	4
2944	#FFFFFF	4
2948	#FFFFFF	4
2949	#FFFFFF	4
2950	#FFFFFF	4
2951	#FFFFFF	4
2952	#FFFFFF	4
2953	#FFFFFF	4
2954	#FFFFFF	4
2955	#FFFFFF	4
2956	#FFFFFF	4
2957	#FFFFFF	4
2958	#FFFFFF	4
2959	#FFFFFF	4
2960	#FFFFFF	4
2961	#FFFFFF	4
2962	#FFFFFF	4
2963	#FFFFFF	4
2964	#FFFFFF	4
2965	#FFFFFF	4
2966	#FFFFFF	35
2967	#FFFFFF	4
2968	#FFFFFF	35
2969	#FFFFFF	4
2970	#FFFFFF	4
2971	#FFFFFF	35
2972	#FFFFFF	35
2974	#FFFFFF	35
2975	#FFFFFF	4
2976	#FFFFFF	4
2977	#FFFFFF	4
2978	#FFFFFF	4
2979	#FFFFFF	4
2981	#FFFFFF	4
2982	#FFFFFF	4
2983	#FFFFFF	4
2984	#FFFFFF	4
2985	#FFFFFF	4
2986	#FFFFFF	4
2987	#FFFFFF	4
2988	#FFFFFF	4
2989	#FFFFFF	4
2990	#FFFFFF	4
2993	#FFFFFF	4
2994	#FFFFFF	4
2995	#FFFFFF	4
2996	#FFFFFF	4
3000	#FFFFFF	4
3001	#FFFFFF	4
3002	#FFFFFF	4
3003	#FFFFFF	4
3004	#FFFFFF	4
3005	#FFFFFF	4
3006	#FFFFFF	4
3007	#FFFFFF	4
3008	#FFFFFF	4
3009	#FFFFFF	4
3010	#FFFFFF	4
3011	#FFFFFF	4
3012	#FFFFFF	4
3013	#FFFFFF	4
3014	#FFFFFF	35
3015	#FFFFFF	4
3016	#FFFFFF	35
3017	#FFFFFF	4
3018	#FFFFFF	4
3019	#FFFFFF	35
3020	#FFFFFF	4
3021	#FFFFFF	4
3022	#FFFFFF	35
3023	#FFFFFF	35
3024	#FFFFFF	35
3026	#FFFFFF	4
3027	#FFFFFF	4
3028	#FFFFFF	4
3029	#FFFFFF	4
3030	#FFFFFF	4
3031	#FFFFFF	4
3032	#FFFFFF	4
3033	#FFFFFF	4
3034	#FFFFFF	4
3035	#FFFFFF	4
3036	#FFFFFF	4
3037	#FFFFFF	4
3038	#FFFFFF	4
3039	#FFFFFF	4
3040	#FFFFFF	4
3041	#FFFFFF	4
3042	#FFFFFF	4
3044	#FFFFFF	4
3045	#FFFFFF	4
3046	#FFFFFF	4
3047	#FFFFFF	4
3051	#FFFFFF	4
3052	#FFFFFF	4
3053	#FFFFFF	4
3054	#FFFFFF	4
3055	#FFFFFF	4
3056	#FFFFFF	4
3057	#FFFFFF	4
3058	#FFFFFF	4
3059	#FFFFFF	4
3060	#FFFFFF	4
3061	#FFFFFF	4
3062	#FFFFFF	4
3063	#FFFFFF	4
3064	#FFFFFF	4
3065	#FFFFFF	35
3066	#FFFFFF	4
3067	#FFFFFF	4
3068	#FFFFFF	4
3069	#FFFFFF	35
3070	#FFFFFF	4
3071	#FFFFFF	4
3072	#FFFFFF	35
3073	#FFFFFF	35
3074	#FFFFFF	35
3075	#FFFFFF	35
3076	#FFFFFF	4
3077	#FFFFFF	4
3078	#FFFFFF	4
3079	#FFFFFF	4
3080	#FFFFFF	4
3082	#FFFFFF	4
3083	#FFFFFF	4
3084	#FFFFFF	4
3085	#FFFFFF	4
3086	#FFFFFF	4
3087	#FFFFFF	4
3088	#FFFFFF	4
3089	#FFFFFF	4
3090	#FFFFFF	4
3091	#FFFFFF	4
3092	#FFFFFF	4
3094	#FFFFFF	4
3096	#FFFFFF	4
3097	#FFFFFF	4
3098	#FFFFFF	4
3101	#FFFFFF	4
3102	#FFFFFF	4
3103	#FFFFFF	4
3104	#FFFFFF	4
3105	#FFFFFF	4
3106	#FFFFFF	4
3107	#FFFFFF	4
3108	#FFFFFF	4
3109	#FFFFFF	4
3110	#FFFFFF	4
3111	#FFFFFF	4
3112	#FFFFFF	4
3113	#FFFFFF	4
3114	#FFFFFF	4
3115	#FFFFFF	4
3116	#FFFFFF	4
3117	#FFFFFF	35
3118	#FFFFFF	4
3119	#FFFFFF	35
3120	#FFFFFF	35
3121	#FFFFFF	4
3122	#FFFFFF	35
3123	#FFFFFF	35
3124	#FFFFFF	35
3125	#FFFFFF	35
3127	#FFFFFF	4
3128	#FFFFFF	4
3129	#FFFFFF	4
3130	#FFFFFF	4
3131	#FFFFFF	4
3132	#FFFFFF	4
3133	#FFFFFF	4
3134	#FFFFFF	4
3135	#FFFFFF	4
3136	#FFFFFF	4
3137	#FFFFFF	4
3138	#FFFFFF	4
3139	#FFFFFF	4
3140	#FFFFFF	4
3141	#FFFFFF	4
3142	#FFFFFF	4
3143	#FFFFFF	4
3144	#FFFFFF	4
3145	#FFFFFF	4
3147	#FFFFFF	4
3148	#FFFFFF	4
3149	#FFFFFF	4
3152	#FFFFFF	4
3153	#FFFFFF	4
3154	#FFFFFF	4
3155	#FFFFFF	4
3156	#FFFFFF	4
3157	#FFFFFF	4
3158	#FFFFFF	4
3159	#FFFFFF	4
3160	#FFFFFF	4
3161	#FFFFFF	4
3162	#FFFFFF	4
3163	#FFFFFF	4
3164	#FFFFFF	4
3165	#FFFFFF	4
3166	#FFFFFF	4
3167	#FFFFFF	4
3168	#FFFFFF	35
3169	#FFFFFF	4
3170	#FFFFFF	35
3171	#FFFFFF	4
3172	#FFFFFF	35
3173	#FFFFFF	35
3174	#FFFFFF	35
3175	#FFFFFF	35
3176	#FFFFFF	35
3178	#FFFFFF	4
3179	#FFFFFF	4
3180	#FFFFFF	4
3181	#FFFFFF	4
3183	#FFFFFF	4
3184	#FFFFFF	4
3185	#FFFFFF	4
3186	#FFFFFF	4
3187	#FFFFFF	4
3188	#FFFFFF	4
3189	#FFFFFF	4
3190	#FFFFFF	4
3191	#FFFFFF	4
3192	#FFFFFF	4
3193	#FFFFFF	4
3194	#FFFFFF	4
3195	#FFFFFF	4
3198	#FFFFFF	4
3199	#FFFFFF	4
3200	#FFFFFF	4
3203	#FFFFFF	4
3204	#FFFFFF	4
3205	#FFFFFF	4
3206	#FFFFFF	4
3207	#FFFFFF	4
3208	#FFFFFF	496
3209	#FFFFFF	4
3210	#FFFFFF	4
3211	#FFFFFF	4
3212	#FFFFFF	4
3213	#FFFFFF	4
3214	#FFFFFF	4
3215	#FFFFFF	4
3216	#FFFFFF	4
3217	#FFFFFF	4
3218	#FFFFFF	4
3219	#FFFFFF	4
3220	#FFFFFF	35
3221	#FFFFFF	35
3222	#FFFFFF	35
3223	#FFFFFF	35
3224	#FFFFFF	35
3225	#FFFFFF	35
3226	#FFFFFF	35
3228	#FFFFFF	4
3229	#FFFFFF	4
3230	#FFFFFF	4
3231	#FFFFFF	4
3232	#FFFFFF	4
3233	#FFFFFF	4
3234	#FFFFFF	4
3235	#FFFFFF	4
3236	#FFFFFF	4
3237	#FFFFFF	4
3238	#FFFFFF	4
3239	#FFFFFF	4
3240	#FFFFFF	4
3241	#FFFFFF	4
3242	#FFFFFF	4
3243	#FFFFFF	4
3244	#FFFFFF	4
3245	#FFFFFF	4
3246	#FFFFFF	4
3247	#FFFFFF	4
3249	#FFFFFF	4
3250	#FFFFFF	4
3251	#FFFFFF	4
3254	#FFFFFF	4
3255	#FFFFFF	4
3256	#FFFFFF	4
3258	#FFFFFF	496
3259	#FFFFFF	496
3260	#FFFFFF	4
3261	#FFFFFF	4
3262	#FFFFFF	4
3263	#FFFFFF	4
3264	#FFFFFF	4
3265	#FFFFFF	4
3266	#FFFFFF	4
3267	#FFFFFF	4
3268	#FFFFFF	4
3269	#FFFFFF	4
3270	#FFFFFF	35
3271	#FFFFFF	35
3272	#FFFFFF	35
3273	#FFFFFF	35
3274	#FFFFFF	35
3275	#FFFFFF	35
3276	#FFFFFF	35
3277	#FFFFFF	35
3278	#FFFFFF	4
3279	#FFFFFF	4
3280	#FFFFFF	4
3281	#FFFFFF	4
3282	#FFFFFF	4
3284	#FFFFFF	4
3285	#FFFFFF	4
3286	#FFFFFF	4
3287	#FFFFFF	4
3288	#FFFFFF	4
3289	#FFFFFF	4
3290	#FFFFFF	4
3291	#FFFFFF	4
3292	#FFFFFF	4
3293	#FFFFFF	4
3294	#FFFFFF	4
3295	#FFFFFF	4
3296	#FFFFFF	4
3297	#FFFFFF	4
3298	#FFFFFF	4
3300	#FFFFFF	4
3301	#FFFFFF	4
3302	#FFFFFF	4
3306	#FFFFFF	496
3307	#FFFFFF	4
3308	#FFFFFF	496
3309	#FFFFFF	4
3310	#FFFFFF	4
3311	#FFFFFF	4
3312	#FFFFFF	4
3313	#FFFFFF	4
3314	#FFFFFF	4
3315	#FFFFFF	4
3316	#FFFFFF	4
3317	#FFFFFF	4
3318	#FFFFFF	4
3319	#FFFFFF	4
3320	#FFFFFF	35
3321	#FFFFFF	35
3322	#FFFFFF	35
3323	#FFFFFF	35
3324	#FFFFFF	35
3325	#FFFFFF	35
3326	#FFFFFF	35
3327	#FFFFFF	35
3329	#FFFFFF	4
3330	#FFFFFF	4
3331	#FFFFFF	4
3332	#FFFFFF	4
3333	#FFFFFF	4
3334	#FFFFFF	440
3335	#FFFFFF	4
3336	#FFFFFF	4
3337	#FFFFFF	4
3338	#FFFFFF	4
3339	#FFFFFF	4
3340	#FFFFFF	4
3341	#FFFFFF	4
3342	#FFFFFF	4
3343	#FFFFFF	4
3344	#FFFFFF	4
3345	#FFFFFF	4
3346	#FFFFFF	4
3347	#FFFFFF	4
3348	#FFFFFF	4
3349	#FFFFFF	4
3351	#FFFFFF	4
3352	#FFFFFF	4
3353	#FFFFFF	4
3357	#FFFFFF	496
3358	#FFFFFF	4
3359	#FFFFFF	496
3360	#FFFFFF	4
3361	#FFFFFF	4
3362	#FFFFFF	4
3363	#FFFFFF	4
3364	#FFFFFF	4
3365	#FFFFFF	4
3366	#FFFFFF	4
3367	#FFFFFF	4
3368	#FFFFFF	35
3369	#FFFFFF	4
3370	#FFFFFF	35
3371	#FFFFFF	35
3372	#FFFFFF	35
3373	#FFFFFF	35
3374	#FFFFFF	35
3375	#FFFFFF	35
3376	#FFFFFF	35
3377	#FFFFFF	35
3378	#FFFFFF	35
3379	#FFFFFF	4
3380	#FFFFFF	4
3381	#FFFFFF	4
3382	#FFFFFF	4
3383	#FFFFFF	4
3385	#FFFFFF	4
3386	#FFFFFF	4
3387	#FFFFFF	4
3388	#FFFFFF	4
3389	#FFFFFF	4
3390	#FFFFFF	4
3391	#FFFFFF	322
3392	#FFFFFF	322
3393	#FFFFFF	4
3394	#FFFFFF	4
3395	#FFFFFF	322
3396	#FFFFFF	322
3397	#FFFFFF	4
3398	#FFFFFF	322
3399	#FFFFFF	4
3400	#FFFFFF	322
3401	#FFFFFF	4
3402	#FFFFFF	4
3403	#FFFFFF	4
3404	#FFFFFF	4
3405	#FFFFFF	4
3406	#FFFFFF	4
3407	#FFFFFF	4
3408	#FFFFFF	4
3409	#FFFFFF	123
3410	#FFFFFF	123
3411	#FFFFFF	123
3412	#FFFFFF	4
3413	#FFFFFF	123
3414	#FFFFFF	4
3415	#FFFFFF	123
3416	#FFFFFF	4
3417	#FFFFFF	4
3418	#FFFFFF	4
3419	#FFFFFF	28
3420	#FFFFFF	4
3421	#FFFFFF	4
3422	#FFFFFF	4
3423	#FFFFFF	4
3424	#FFFFFF	4
3425	#FFFFFF	4
3426	#FFFFFF	4
3427	#FFFFFF	4
3428	#FFFFFF	4
3430	#FFFFFF	28
3431	#FFFFFF	4
3432	#FFFFFF	4
3433	#FFFFFF	4
3434	#FFFFFF	4
3435	#FFFFFF	4
3436	#FFFFFF	4
3437	#FFFFFF	4
3438	#FFFFFF	4
3439	#FFFFFF	4
3440	#FFFFFF	4
3441	#FFFFFF	4
3442	#FFFFFF	322
3443	#FFFFFF	322
3444	#FFFFFF	4
3445	#FFFFFF	4
3446	#FFFFFF	322
3447	#FFFFFF	322
3448	#FFFFFF	28
3449	#FFFFFF	4
3450	#FFFFFF	322
3451	#FFFFFF	4
3452	#FFFFFF	4
3453	#FFFFFF	4
3454	#FFFFFF	4
3455	#FFFFFF	4
3456	#FFFFFF	4
3457	#FFFFFF	4
3458	#FFFFFF	4
3459	#FFFFFF	28
3460	#FFFFFF	123
3461	#FFFFFF	123
3462	#FFFFFF	4
3463	#FFFFFF	4
3464	#FFFFFF	4
3465	#FFFFFF	4
3466	#FFFFFF	4
3467	#FFFFFF	4
3468	#FFFFFF	4
3469	#FFFFFF	4
3470	#FFFFFF	28
3471	#FFFFFF	4
3472	#FFFFFF	4
3473	#FFFFFF	4
3474	#FFFFFF	4
3475	#FFFFFF	4
3476	#FFFFFF	4
3477	#FFFFFF	4
3478	#FFFFFF	4
3479	#FFFFFF	4
3480	#FFFFFF	28
3481	#FFFFFF	4
3482	#FFFFFF	4
3483	#FFFFFF	4
3484	#FFFFFF	4
3486	#FFFFFF	440
3487	#FFFFFF	4
3488	#FFFFFF	4
3489	#FFFFFF	4
3490	#FFFFFF	4
3491	#FFFFFF	4
3492	#FFFFFF	4
3493	#FFFFFF	4
3494	#FFFFFF	4
3495	#FFFFFF	4
3496	#FFFFFF	4
3497	#FFFFFF	4
3498	#FFFFFF	4
3499	#FFFFFF	4
3500	#FFFFFF	4
3501	#FFFFFF	4
3503	#FFFFFF	4
3504	#FFFFFF	4
3505	#FFFFFF	4
3509	#FFFFFF	4
3510	#FFFFFF	4
3511	#FFFFFF	4
3512	#FFFFFF	4
3513	#FFFFFF	4
3514	#FFFFFF	4
3515	#FFFFFF	4
3516	#FFFFFF	4
3517	#FFFFFF	4
3518	#FFFFFF	4
3519	#FFFFFF	4
3520	#FFFFFF	4
3521	#FFFFFF	35
3522	#FFFFFF	35
3523	#FFFFFF	35
3524	#FFFFFF	35
3525	#FFFFFF	35
3526	#FFFFFF	35
3527	#FFFFFF	35
3528	#FFFFFF	35
3529	#FFFFFF	35
3531	#FFFFFF	4
3532	#FFFFFF	4
3533	#FFFFFF	4
3534	#FFFFFF	4
3535	#FFFFFF	4
3536	#FFFFFF	440
3537	#FFFFFF	4
3538	#FFFFFF	4
3539	#FFFFFF	4
3540	#FFFFFF	4
3541	#FFFFFF	4
3542	#FFFFFF	4
3543	#FFFFFF	4
3544	#FFFFFF	4
3545	#FFFFFF	4
3546	#FFFFFF	4
3547	#FFFFFF	4
3548	#FFFFFF	4
3549	#FFFFFF	4
3550	#FFFFFF	4
3551	#FFFFFF	496
3552	#FFFFFF	4
3554	#FFFFFF	496
3555	#FFFFFF	4
3556	#FFFFFF	4
3560	#FFFFFF	4
3561	#FFFFFF	4
3562	#FFFFFF	4
3563	#FFFFFF	4
3564	#FFFFFF	4
3565	#FFFFFF	4
3566	#FFFFFF	4
3567	#FFFFFF	4
3568	#FFFFFF	35
3569	#FFFFFF	35
3570	#FFFFFF	35
3571	#FFFFFF	4
3572	#FFFFFF	35
3573	#FFFFFF	35
3574	#FFFFFF	35
3575	#FFFFFF	35
3576	#FFFFFF	35
3577	#FFFFFF	35
3578	#FFFFFF	35
3579	#FFFFFF	35
3580	#FFFFFF	35
3581	#FFFFFF	4
3582	#FFFFFF	4
3583	#FFFFFF	4
3584	#FFFFFF	4
3585	#FFFFFF	4
3587	#FFFFFF	440
3588	#FFFFFF	4
3589	#FFFFFF	4
3590	#FFFFFF	4
3591	#FFFFFF	4
3592	#FFFFFF	4
3593	#FFFFFF	4
3594	#FFFFFF	4
3595	#FFFFFF	4
3596	#FFFFFF	4
3597	#FFFFFF	4
3598	#FFFFFF	4
3599	#FFFFFF	4
3600	#FFFFFF	4
3601	#FFFFFF	4
3602	#FFFFFF	496
3603	#FFFFFF	4
3605	#FFFFFF	496
3606	#FFFFFF	496
3607	#FFFFFF	4
3610	#FFFFFF	4
3612	#FFFFFF	4
3613	#FFFFFF	4
3614	#FFFFFF	4
3615	#FFFFFF	4
3616	#FFFFFF	4
3617	#FFFFFF	4
3618	#FFFFFF	4
3619	#FFFFFF	35
3620	#FFFFFF	35
3621	#FFFFFF	4
3622	#FFFFFF	35
3624	#FFFFFF	35
3625	#FFFFFF	35
3626	#FFFFFF	35
3627	#FFFFFF	35
3628	#FFFFFF	35
3629	#FFFFFF	35
3630	#FFFFFF	35
3632	#FFFFFF	4
3633	#FFFFFF	4
3634	#FFFFFF	4
3635	#FFFFFF	4
3636	#FFFFFF	4
3637	#FFFFFF	440
3638	#FFFFFF	4
3639	#FFFFFF	4
3640	#FFFFFF	4
3641	#FFFFFF	4
3642	#FFFFFF	4
3643	#FFFFFF	4
3644	#FFFFFF	4
3645	#FFFFFF	4
3646	#FFFFFF	4
3647	#FFFFFF	4
3648	#FFFFFF	4
3649	#FFFFFF	4
3650	#FFFFFF	4
3651	#FFFFFF	496
3652	#FFFFFF	496
3653	#FFFFFF	4
3654	#FFFFFF	4
3656	#FFFFFF	496
3657	#FFFFFF	496
3658	#FFFFFF	496
3661	#FFFFFF	4
3663	#FFFFFF	4
3664	#FFFFFF	4
3665	#FFFFFF	4
3666	#FFFFFF	4
3667	#FFFFFF	4
3668	#FFFFFF	4
3669	#FFFFFF	35
3670	#FFFFFF	35
3671	#FFFFFF	35
3672	#FFFFFF	4
3673	#FFFFFF	4
3674	#FFFFFF	35
3675	#FFFFFF	35
3676	#FFFFFF	35
3677	#FFFFFF	35
3678	#FFFFFF	35
3679	#FFFFFF	35
3680	#FFFFFF	35
3681	#FFFFFF	35
3682	#FFFFFF	4
3683	#FFFFFF	4
3684	#FFFFFF	4
3685	#FFFFFF	4
3686	#FFFFFF	4
3688	#FFFFFF	440
3689	#FFFFFF	4
3690	#FFFFFF	4
3691	#FFFFFF	4
3692	#FFFFFF	4
3693	#FFFFFF	4
3694	#FFFFFF	4
3695	#FFFFFF	4
3696	#FFFFFF	4
3697	#FFFFFF	4
3698	#FFFFFF	4
3699	#FFFFFF	4
3700	#FFFFFF	440
3701	#FFFFFF	4
3702	#FFFFFF	496
3703	#FFFFFF	4
3704	#FFFFFF	496
3705	#FFFFFF	4
3707	#FFFFFF	496
3708	#FFFFFF	496
3709	#FFFFFF	4
3711	#FFFFFF	4
3713	#FFFFFF	4
3714	#FFFFFF	4
3715	#FFFFFF	4
3716	#FFFFFF	4
3717	#FFFFFF	4
3718	#FFFFFF	4
3719	#FFFFFF	4
3720	#FFFFFF	35
3721	#FFFFFF	35
3722	#FFFFFF	4
3724	#FFFFFF	35
3725	#FFFFFF	35
3726	#FFFFFF	35
3727	#FFFFFF	35
3728	#FFFFFF	35
3729	#FFFFFF	35
3730	#FFFFFF	35
3731	#FFFFFF	35
3733	#FFFFFF	4
3734	#FFFFFF	4
3735	#FFFFFF	4
3736	#FFFFFF	4
3737	#FFFFFF	4
3738	#FFFFFF	4
3739	#FFFFFF	440
3740	#FFFFFF	440
3741	#FFFFFF	4
3742	#FFFFFF	4
3743	#FFFFFF	4
3744	#FFFFFF	4
3745	#FFFFFF	4
3746	#FFFFFF	4
3747	#FFFFFF	4
3748	#FFFFFF	4
3749	#FFFFFF	4
3750	#FFFFFF	4
3751	#FFFFFF	4
3752	#FFFFFF	496
3753	#FFFFFF	496
3754	#FFFFFF	496
3755	#FFFFFF	496
3758	#FFFFFF	496
3759	#FFFFFF	496
3760	#FFFFFF	4
3762	#FFFFFF	4
3765	#FFFFFF	4
3766	#FFFFFF	4
3767	#FFFFFF	4
3768	#FFFFFF	4
3769	#FFFFFF	4
3770	#FFFFFF	4
3771	#FFFFFF	35
3772	#FFFFFF	4
3773	#FFFFFF	4
3774	#FFFFFF	4
3775	#FFFFFF	35
3776	#FFFFFF	35
3777	#FFFFFF	35
3778	#FFFFFF	35
3779	#FFFFFF	35
3780	#FFFFFF	35
3781	#FFFFFF	35
3782	#FFFFFF	35
3783	#FFFFFF	4
3784	#FFFFFF	4
3785	#FFFFFF	4
3786	#FFFFFF	4
3787	#FFFFFF	4
3789	#FFFFFF	4
3790	#FFFFFF	440
3791	#FFFFFF	4
3792	#FFFFFF	4
3793	#FFFFFF	4
3794	#FFFFFF	4
3795	#FFFFFF	4
3796	#FFFFFF	4
3797	#FFFFFF	4
3798	#FFFFFF	4
3799	#FFFFFF	4
3800	#FFFFFF	4
3801	#FFFFFF	4
3802	#FFFFFF	4
3803	#FFFFFF	496
3804	#FFFFFF	496
3805	#FFFFFF	496
3806	#FFFFFF	496
3809	#FFFFFF	496
3810	#FFFFFF	4
3811	#FFFFFF	4
3812	#FFFFFF	4
3816	#FFFFFF	4
3817	#FFFFFF	4
3818	#FFFFFF	4
3819	#FFFFFF	4
3820	#FFFFFF	4
3821	#FFFFFF	35
3822	#FFFFFF	4
3823	#FFFFFF	4
3824	#FFFFFF	4
3825	#FFFFFF	35
3826	#FFFFFF	4
3827	#FFFFFF	35
3828	#FFFFFF	35
3829	#FFFFFF	35
3830	#FFFFFF	35
3831	#FFFFFF	35
3832	#FFFFFF	35
3834	#FFFFFF	4
3835	#FFFFFF	4
3836	#FFFFFF	4
3837	#FFFFFF	4
3838	#FFFFFF	4
3839	#FFFFFF	440
3840	#FFFFFF	440
3841	#FFFFFF	440
3842	#FFFFFF	4
3843	#FFFFFF	4
3844	#FFFFFF	4
3845	#FFFFFF	4
3846	#FFFFFF	4
3847	#FFFFFF	4
3848	#FFFFFF	4
3849	#FFFFFF	4
3850	#FFFFFF	4
3851	#FFFFFF	4
3852	#FFFFFF	440
3853	#FFFFFF	496
3854	#FFFFFF	496
3855	#FFFFFF	496
3856	#FFFFFF	496
3857	#FFFFFF	496
3858	#FFFFFF	4
3860	#FFFFFF	496
3861	#FFFFFF	4
3862	#FFFFFF	4
3863	#FFFFFF	4
3867	#FFFFFF	4
3868	#FFFFFF	4
3869	#FFFFFF	4
3870	#FFFFFF	4
3871	#FFFFFF	4
3872	#FFFFFF	35
3873	#FFFFFF	4
3874	#FFFFFF	4
3875	#FFFFFF	4
3876	#FFFFFF	4
3877	#FFFFFF	35
3878	#FFFFFF	35
3879	#FFFFFF	35
3880	#FFFFFF	35
3881	#FFFFFF	35
3882	#FFFFFF	35
3883	#FFFFFF	35
3884	#FFFFFF	4
3885	#FFFFFF	4
3886	#FFFFFF	4
3887	#FFFFFF	4
3888	#FFFFFF	4
3890	#FFFFFF	440
3891	#FFFFFF	4
3892	#FFFFFF	4
3893	#FFFFFF	4
3894	#FFFFFF	4
3895	#FFFFFF	4
3896	#FFFFFF	4
3897	#FFFFFF	4
3898	#FFFFFF	4
3899	#FFFFFF	4
3900	#FFFFFF	4
3901	#FFFFFF	496
3902	#FFFFFF	440
3903	#FFFFFF	496
3904	#FFFFFF	496
3905	#FFFFFF	496
3906	#FFFFFF	496
3907	#FFFFFF	496
3908	#FFFFFF	496
3911	#FFFFFF	4
3912	#FFFFFF	4
3913	#FFFFFF	4
3914	#FFFFFF	4
3918	#FFFFFF	4
3919	#FFFFFF	4
3920	#FFFFFF	4
3921	#FFFFFF	4
3922	#FFFFFF	4
3923	#FFFFFF	4
3924	#FFFFFF	4
3925	#FFFFFF	4
3926	#FFFFFF	4
3927	#FFFFFF	4
3928	#FFFFFF	35
3929	#FFFFFF	35
3930	#FFFFFF	35
3931	#FFFFFF	35
3932	#FFFFFF	35
3933	#FFFFFF	35
3935	#FFFFFF	4
3936	#FFFFFF	4
3937	#FFFFFF	4
3938	#FFFFFF	4
3939	#FFFFFF	4
3940	#FFFFFF	4
3941	#FFFFFF	440
3942	#FFFFFF	4
3943	#FFFFFF	4
3944	#FFFFFF	4
3945	#FFFFFF	4
3946	#FFFFFF	4
3947	#FFFFFF	4
3948	#FFFFFF	4
3949	#FFFFFF	4
3950	#FFFFFF	4
3951	#FFFFFF	496
3952	#FFFFFF	496
3953	#FFFFFF	4
3954	#FFFFFF	496
3955	#FFFFFF	496
3956	#FFFFFF	496
3957	#FFFFFF	496
3958	#FFFFFF	496
3959	#FFFFFF	496
3960	#FFFFFF	496
3962	#FFFFFF	4
3963	#FFFFFF	4
3964	#FFFFFF	4
3965	#FFFFFF	4
3969	#FFFFFF	4
3970	#FFFFFF	4
3971	#FFFFFF	4
3972	#FFFFFF	4
3973	#FFFFFF	4
3974	#FFFFFF	4
3975	#FFFFFF	4
3976	#FFFFFF	4
3977	#FFFFFF	4
3978	#FFFFFF	35
3979	#FFFFFF	35
3980	#FFFFFF	35
3981	#FFFFFF	35
3982	#FFFFFF	35
3983	#FFFFFF	35
3984	#FFFFFF	35
3985	#FFFFFF	4
3986	#FFFFFF	4
3987	#FFFFFF	4
3988	#FFFFFF	4
3989	#FFFFFF	4
4042	#FFFFFF	4
4043	#FFFFFF	4
4044	#FFFFFF	4
4045	#FFFFFF	4
4046	#FFFFFF	4
4047	#FFFFFF	4
4048	#FFFFFF	322
4049	#FFFFFF	4
4050	#FFFFFF	4
4051	#FFFFFF	322
4052	#FFFFFF	4
4053	#FFFFFF	322
4054	#FFFFFF	4
4055	#FFFFFF	322
4056	#FFFFFF	4
4057	#FFFFFF	322
4058	#FFFFFF	4
4059	#FFFFFF	4
4060	#FFFFFF	4
4061	#FFFFFF	4
4062	#FFFFFF	4
4063	#FFFFFF	4
4064	#FFFFFF	4
4065	#FFFFFF	28
4066	#FFFFFF	4
4067	#FFFFFF	4
4068	#FFFFFF	4
4069	#FFFFFF	4
4071	#FFFFFF	4
4072	#FFFFFF	4
4073	#FFFFFF	4
4074	#FFFFFF	4
4075	#FFFFFF	4
4076	#FFFFFF	28
4077	#FFFFFF	4
4078	#FFFFFF	4
4079	#FFFFFF	4
4080	#FFFFFF	4
4081	#FFFFFF	4
4082	#FFFFFF	4
4083	#FFFFFF	4
4084	#FFFFFF	4
4085	#FFFFFF	4
4087	#FFFFFF	28
4088	#FFFFFF	4
4089	#FFFFFF	4
4090	#FFFFFF	4
4091	#FFFFFF	4
4092	#FFFFFF	4
4093	#FFFFFF	4
4094	#FFFFFF	4
4095	#FFFFFF	4
4096	#FFFFFF	4
4097	#FFFFFF	4
4098	#FFFFFF	322
4099	#FFFFFF	322
4100	#FFFFFF	4
4101	#FFFFFF	4
4102	#FFFFFF	322
4103	#FFFFFF	322
4104	#FFFFFF	322
4105	#FFFFFF	28
4106	#FFFFFF	4
4107	#FFFFFF	4
4108	#FFFFFF	322
4109	#FFFFFF	4
4110	#FFFFFF	4
4111	#FFFFFF	4
4112	#FFFFFF	4
4113	#FFFFFF	4
4114	#FFFFFF	4
4115	#FFFFFF	4
4116	#FFFFFF	28
4117	#FFFFFF	4
4118	#FFFFFF	4
4119	#FFFFFF	4
4120	#FFFFFF	4
4121	#FFFFFF	4
4122	#FFFFFF	4
4123	#FFFFFF	4
4124	#FFFFFF	4
4125	#FFFFFF	4
4126	#FFFFFF	4
4127	#FFFFFF	28
4128	#FFFFFF	4
4129	#FFFFFF	4
4130	#FFFFFF	4
4131	#FFFFFF	4
4132	#FFFFFF	4
4133	#FFFFFF	4
4134	#FFFFFF	4
4135	#FFFFFF	4
4136	#FFFFFF	4
4137	#FFFFFF	28
4138	#FFFFFF	28
4139	#FFFFFF	28
4140	#FFFFFF	4
4141	#FFFFFF	4
4143	#FFFFFF	4
4144	#FFFFFF	4
4145	#FFFFFF	4
4146	#FFFFFF	4
4147	#FFFFFF	4
4148	#FFFFFF	4
4149	#FFFFFF	322
4150	#FFFFFF	322
4151	#FFFFFF	4
4152	#FFFFFF	322
4153	#FFFFFF	322
4154	#FFFFFF	322
4155	#FFFFFF	4
4156	#FFFFFF	322
4157	#FFFFFF	322
4158	#FFFFFF	322
4159	#FFFFFF	322
4160	#FFFFFF	4
4161	#FFFFFF	4
4162	#FFFFFF	4
4163	#FFFFFF	4
4164	#FFFFFF	4
4165	#FFFFFF	4
4166	#FFFFFF	28
4167	#FFFFFF	4
4168	#FFFFFF	4
4169	#FFFFFF	4
4170	#FFFFFF	4
4171	#FFFFFF	4
4172	#FFFFFF	4
4173	#FFFFFF	4
4174	#FFFFFF	4
4175	#FFFFFF	4
4176	#FFFFFF	4
4177	#FFFFFF	28
4178	#FFFFFF	4
4179	#FFFFFF	4
4180	#FFFFFF	4
4181	#FFFFFF	4
4182	#FFFFFF	4
4183	#FFFFFF	4
4184	#FFFFFF	4
4185	#FFFFFF	4
4186	#FFFFFF	4
4188	#FFFFFF	28
4189	#FFFFFF	28
4190	#FFFFFF	28
4191	#FFFFFF	4
4192	#FFFFFF	4
4193	#FFFFFF	4
4194	#FFFFFF	4
4195	#FFFFFF	28
4196	#FFFFFF	4
4197	#FFFFFF	4
4198	#FFFFFF	4
4199	#FFFFFF	322
4200	#FFFFFF	322
4201	#FFFFFF	4
4202	#FFFFFF	4
4203	#FFFFFF	322
4204	#FFFFFF	322
4205	#FFFFFF	322
4206	#FFFFFF	28
4207	#FFFFFF	322
4208	#FFFFFF	322
4209	#FFFFFF	322
4210	#FFFFFF	4
4211	#FFFFFF	4
4212	#FFFFFF	4
4213	#FFFFFF	4
4214	#FFFFFF	4
4215	#FFFFFF	4
4216	#FFFFFF	4
4217	#FFFFFF	28
4218	#FFFFFF	4
4219	#FFFFFF	4
4220	#FFFFFF	4
4221	#FFFFFF	4
4222	#FFFFFF	4
4223	#FFFFFF	4
4224	#FFFFFF	4
4225	#FFFFFF	4
4226	#FFFFFF	4
4227	#FFFFFF	4
4228	#FFFFFF	28
4229	#FFFFFF	4
4230	#FFFFFF	4
4231	#FFFFFF	4
4232	#FFFFFF	4
4233	#FFFFFF	4
4234	#FFFFFF	4
4235	#FFFFFF	4
4236	#FFFFFF	4
4237	#FFFFFF	4
4238	#FFFFFF	28
4239	#FFFFFF	28
4240	#FFFFFF	28
4241	#FFFFFF	4
4242	#FFFFFF	4
4244	#FFFFFF	4
4245	#FFFFFF	28
4246	#FFFFFF	4
4247	#FFFFFF	4
4248	#FFFFFF	4
4249	#FFFFFF	4
4250	#FFFFFF	4
4251	#FFFFFF	4
4252	#FFFFFF	4
4253	#FFFFFF	4
4254	#FFFFFF	322
4255	#FFFFFF	4
4256	#FFFFFF	28
4257	#FFFFFF	4
4258	#FFFFFF	322
4259	#FFFFFF	322
4260	#FFFFFF	322
4261	#FFFFFF	4
4262	#FFFFFF	4
4263	#FFFFFF	4
4264	#FFFFFF	4
4265	#FFFFFF	4
4266	#FFFFFF	4
4267	#FFFFFF	28
4268	#FFFFFF	4
4269	#FFFFFF	4
4270	#FFFFFF	4
4271	#FFFFFF	4
4272	#FFFFFF	4
4273	#FFFFFF	4
4274	#FFFFFF	4
4275	#FFFFFF	4
4276	#FFFFFF	4
4277	#FFFFFF	4
4278	#FFFFFF	28
4279	#FFFFFF	4
4280	#FFFFFF	4
4281	#FFFFFF	4
4282	#FFFFFF	4
4283	#FFFFFF	4
4284	#FFFFFF	4
4285	#FFFFFF	4
4286	#FFFFFF	4
4287	#FFFFFF	4
4289	#FFFFFF	28
4290	#FFFFFF	28
4291	#FFFFFF	4
4292	#FFFFFF	4
4293	#FFFFFF	4
4294	#FFFFFF	4
4295	#FFFFFF	4
4296	#FFFFFF	28
4297	#FFFFFF	28
4298	#FFFFFF	4
4299	#FFFFFF	4
4300	#FFFFFF	4
4301	#FFFFFF	4
4302	#FFFFFF	4
4303	#FFFFFF	4
4304	#FFFFFF	4
4305	#FFFFFF	4
4306	#FFFFFF	4
4307	#FFFFFF	28
4308	#FFFFFF	4
4309	#FFFFFF	4
4310	#FFFFFF	322
4311	#FFFFFF	4
4312	#FFFFFF	4
4313	#FFFFFF	4
4314	#FFFFFF	4
4315	#FFFFFF	4
4316	#FFFFFF	4
4317	#FFFFFF	4
4318	#FFFFFF	28
4319	#FFFFFF	4
4320	#FFFFFF	4
4321	#FFFFFF	4
4322	#FFFFFF	4
4323	#FFFFFF	4
4324	#FFFFFF	4
4325	#FFFFFF	4
4326	#FFFFFF	4
4327	#FFFFFF	4
4328	#FFFFFF	4
4329	#FFFFFF	28
4330	#FFFFFF	4
4331	#FFFFFF	4
4332	#FFFFFF	4
4333	#FFFFFF	4
4334	#FFFFFF	4
4335	#FFFFFF	4
4336	#FFFFFF	4
4337	#FFFFFF	4
4338	#FFFFFF	4
4339	#FFFFFF	28
4340	#FFFFFF	4
4341	#FFFFFF	4
4342	#FFFFFF	4
4343	#FFFFFF	4
4345	#FFFFFF	4
4346	#FFFFFF	28
4347	#FFFFFF	28
4348	#FFFFFF	28
4349	#FFFFFF	28
4350	#FFFFFF	4
4351	#FFFFFF	4
4352	#FFFFFF	4
4353	#FFFFFF	4
4354	#FFFFFF	4
4355	#FFFFFF	4
4356	#FFFFFF	4
4357	#FFFFFF	4
4358	#FFFFFF	4
4359	#FFFFFF	4
4360	#FFFFFF	322
4361	#FFFFFF	322
4362	#FFFFFF	4
4363	#FFFFFF	4
4364	#FFFFFF	4
4365	#FFFFFF	4
4366	#FFFFFF	4
4367	#FFFFFF	4
4368	#FFFFFF	28
4369	#FFFFFF	4
4370	#FFFFFF	4
4371	#FFFFFF	4
4372	#FFFFFF	4
4373	#FFFFFF	4
4374	#FFFFFF	4
4375	#FFFFFF	4
4376	#FFFFFF	4
4377	#FFFFFF	4
4378	#FFFFFF	4
4379	#FFFFFF	28
4380	#FFFFFF	4
4381	#FFFFFF	4
4382	#FFFFFF	4
4383	#FFFFFF	4
4384	#FFFFFF	4
4385	#FFFFFF	4
4386	#FFFFFF	4
4387	#FFFFFF	4
4388	#FFFFFF	4
4390	#FFFFFF	28
4391	#FFFFFF	4
4392	#FFFFFF	4
4394	#FFFFFF	4
4395	#FFFFFF	4
4396	#FFFFFF	28
4397	#FFFFFF	4
4398	#FFFFFF	4
4399	#FFFFFF	28
4400	#FFFFFF	4
4401	#FFFFFF	4
4402	#FFFFFF	4
4403	#FFFFFF	4
4404	#FFFFFF	4
4405	#FFFFFF	4
4406	#FFFFFF	4
4407	#FFFFFF	4
4408	#FFFFFF	28
4409	#FFFFFF	322
4410	#FFFFFF	4
4411	#FFFFFF	322
4412	#FFFFFF	4
4413	#FFFFFF	4
4414	#FFFFFF	4
4415	#FFFFFF	4
4416	#FFFFFF	4
4417	#FFFFFF	4
4418	#FFFFFF	4
4419	#FFFFFF	28
4420	#FFFFFF	4
4421	#FFFFFF	4
4422	#FFFFFF	4
4423	#FFFFFF	4
4424	#FFFFFF	4
4425	#FFFFFF	4
4426	#FFFFFF	4
4427	#FFFFFF	4
4428	#FFFFFF	4
4429	#FFFFFF	4
4430	#FFFFFF	28
4431	#FFFFFF	4
4432	#FFFFFF	4
4433	#FFFFFF	4
4434	#FFFFFF	4
4435	#FFFFFF	4
4436	#FFFFFF	4
4437	#FFFFFF	4
4438	#FFFFFF	4
4439	#FFFFFF	4
4440	#FFFFFF	4
4441	#FFFFFF	4
4442	#FFFFFF	4
4443	#FFFFFF	4
4444	#FFFFFF	28
4446	#FFFFFF	4
4447	#FFFFFF	4
4448	#FFFFFF	4
4449	#FFFFFF	28
4450	#FFFFFF	4
4451	#FFFFFF	4
4452	#FFFFFF	4
4453	#FFFFFF	4
4454	#FFFFFF	4
4455	#FFFFFF	4
4456	#FFFFFF	4
4457	#FFFFFF	322
4458	#FFFFFF	4
4459	#FFFFFF	322
4460	#FFFFFF	322
4461	#FFFFFF	322
4462	#FFFFFF	322
4463	#FFFFFF	4
4464	#FFFFFF	4
4465	#FFFFFF	4
4466	#FFFFFF	4
4467	#FFFFFF	4
4468	#FFFFFF	4
4469	#FFFFFF	28
4470	#FFFFFF	4
4471	#FFFFFF	4
4472	#FFFFFF	4
4473	#FFFFFF	4
4474	#FFFFFF	4
4475	#FFFFFF	4
4476	#FFFFFF	4
4477	#FFFFFF	4
4478	#FFFFFF	4
4479	#FFFFFF	4
4480	#FFFFFF	28
4481	#FFFFFF	4
4482	#FFFFFF	4
4483	#FFFFFF	4
4484	#FFFFFF	4
4485	#FFFFFF	4
4486	#FFFFFF	4
4487	#FFFFFF	4
4488	#FFFFFF	4
4489	#FFFFFF	4
4491	#FFFFFF	28
4492	#FFFFFF	28
4493	#FFFFFF	28
4494	#FFFFFF	4
4495	#FFFFFF	4
4496	#FFFFFF	4
4497	#FFFFFF	4
4498	#FFFFFF	28
4499	#FFFFFF	4
4500	#FFFFFF	28
4501	#FFFFFF	4
4502	#FFFFFF	4
4503	#FFFFFF	4
4504	#FFFFFF	4
4505	#FFFFFF	4
4506	#FFFFFF	4
4507	#FFFFFF	4
4508	#FFFFFF	322
4509	#FFFFFF	28
4510	#FFFFFF	322
4511	#FFFFFF	322
4512	#FFFFFF	322
4513	#FFFFFF	322
4514	#FFFFFF	4
4515	#FFFFFF	4
4516	#FFFFFF	4
4517	#FFFFFF	4
4518	#FFFFFF	4
4519	#FFFFFF	4
4520	#FFFFFF	28
4521	#FFFFFF	4
4523	#FFFFFF	4
4524	#FFFFFF	4
4525	#FFFFFF	4
4526	#FFFFFF	4
4527	#FFFFFF	4
4528	#FFFFFF	4
4529	#FFFFFF	4
4530	#FFFFFF	4
4531	#FFFFFF	28
4532	#FFFFFF	4
4533	#FFFFFF	4
4534	#FFFFFF	4
4535	#FFFFFF	4
4536	#FFFFFF	4
4537	#FFFFFF	4
4538	#FFFFFF	4
4539	#FFFFFF	4
4541	#FFFFFF	28
4542	#FFFFFF	28
4543	#FFFFFF	4
4544	#FFFFFF	4
4545	#FFFFFF	4
4547	#FFFFFF	4
4548	#FFFFFF	4
4549	#FFFFFF	4
4550	#FFFFFF	4
4551	#FFFFFF	322
4552	#FFFFFF	322
4553	#FFFFFF	322
4554	#FFFFFF	322
4555	#FFFFFF	322
4556	#FFFFFF	322
4557	#FFFFFF	322
4558	#FFFFFF	322
4559	#FFFFFF	4
4560	#FFFFFF	322
4561	#FFFFFF	322
4562	#FFFFFF	322
4563	#FFFFFF	4
4564	#FFFFFF	4
4565	#FFFFFF	4
4566	#FFFFFF	123
4567	#FFFFFF	123
4568	#FFFFFF	123
4569	#FFFFFF	123
4570	#FFFFFF	4
4571	#FFFFFF	123
4572	#FFFFFF	4
4573	#FFFFFF	123
4574	#FFFFFF	123
4575	#FFFFFF	123
4576	#FFFFFF	4
4577	#FFFFFF	4
4578	#FFFFFF	4
4579	#FFFFFF	4
4580	#FFFFFF	4
4581	#FFFFFF	4
4582	#FFFFFF	4
4583	#FFFFFF	4
4584	#FFFFFF	4
4585	#FFFFFF	4
4586	#FFFFFF	4
4587	#FFFFFF	4
4588	#FFFFFF	4
4589	#FFFFFF	4
4590	#FFFFFF	4
4592	#FFFFFF	28
4593	#FFFFFF	28
4594	#FFFFFF	28
4595	#FFFFFF	28
4596	#FFFFFF	4
4597	#FFFFFF	4
4598	#FFFFFF	4
4599	#FFFFFF	4
4600	#FFFFFF	4
4601	#FFFFFF	4
4602	#FFFFFF	322
4603	#FFFFFF	322
4604	#FFFFFF	322
4605	#FFFFFF	322
4606	#FFFFFF	322
4607	#FFFFFF	322
4608	#FFFFFF	322
4609	#FFFFFF	322
4610	#FFFFFF	4
4611	#FFFFFF	322
4612	#FFFFFF	322
4613	#FFFFFF	4
4614	#FFFFFF	4
4615	#FFFFFF	4
4616	#FFFFFF	123
4617	#FFFFFF	123
4618	#FFFFFF	123
4619	#FFFFFF	123
4620	#FFFFFF	123
4621	#FFFFFF	4
4622	#FFFFFF	4
4623	#FFFFFF	123
4624	#FFFFFF	123
4625	#FFFFFF	123
4626	#FFFFFF	4
4627	#FFFFFF	4
4628	#FFFFFF	4
4629	#FFFFFF	4
4630	#FFFFFF	4
4631	#FFFFFF	4
4632	#FFFFFF	4
4633	#FFFFFF	4
4634	#FFFFFF	4
4635	#FFFFFF	4
4636	#FFFFFF	4
4637	#FFFFFF	4
4638	#FFFFFF	4
4639	#FFFFFF	4
4640	#FFFFFF	4
4641	#FFFFFF	4
4642	#FFFFFF	28
4643	#FFFFFF	28
4644	#FFFFFF	28
4645	#FFFFFF	28
4646	#FFFFFF	4
4648	#FFFFFF	4
4649	#FFFFFF	4
4650	#FFFFFF	4
4651	#FFFFFF	4
4652	#FFFFFF	322
4653	#FFFFFF	322
4654	#FFFFFF	322
4655	#FFFFFF	322
4656	#FFFFFF	322
4657	#FFFFFF	322
4658	#FFFFFF	322
4659	#FFFFFF	322
4660	#FFFFFF	4
4661	#FFFFFF	322
4662	#FFFFFF	322
4663	#FFFFFF	322
4664	#FFFFFF	4
4665	#FFFFFF	4
4666	#FFFFFF	123
4667	#FFFFFF	123
4668	#FFFFFF	123
4669	#FFFFFF	123
4670	#FFFFFF	123
4671	#FFFFFF	4
4672	#FFFFFF	123
4673	#FFFFFF	4
4674	#FFFFFF	4
4675	#FFFFFF	4
4676	#FFFFFF	4
4677	#FFFFFF	4
4678	#FFFFFF	4
4679	#FFFFFF	4
4680	#FFFFFF	4
4681	#FFFFFF	4
4682	#FFFFFF	4
4683	#FFFFFF	4
4684	#FFFFFF	4
4685	#FFFFFF	4
4686	#FFFFFF	4
4687	#FFFFFF	4
4688	#FFFFFF	4
4689	#FFFFFF	4
4690	#FFFFFF	4
4691	#FFFFFF	4
4693	#FFFFFF	4
4694	#FFFFFF	28
4695	#FFFFFF	4
4696	#FFFFFF	28
4697	#FFFFFF	4
4698	#FFFFFF	4
4699	#FFFFFF	4
4700	#FFFFFF	4
4701	#FFFFFF	4
4702	#FFFFFF	322
4703	#FFFFFF	322
4704	#FFFFFF	322
4705	#FFFFFF	322
4706	#FFFFFF	322
4707	#FFFFFF	322
4708	#FFFFFF	322
4709	#FFFFFF	322
4710	#FFFFFF	322
4711	#FFFFFF	4
4712	#FFFFFF	322
4713	#FFFFFF	322
4714	#FFFFFF	322
4715	#FFFFFF	4
4716	#FFFFFF	4
4717	#FFFFFF	123
4718	#FFFFFF	123
4719	#FFFFFF	123
4720	#FFFFFF	123
4721	#FFFFFF	123
4722	#FFFFFF	4
4723	#FFFFFF	4
4725	#FFFFFF	4
4726	#FFFFFF	4
4727	#FFFFFF	4
4728	#FFFFFF	4
4729	#FFFFFF	4
4730	#FFFFFF	4
4731	#FFFFFF	4
4732	#FFFFFF	4
4733	#FFFFFF	4
4734	#FFFFFF	4
4735	#FFFFFF	4
4736	#FFFFFF	4
4737	#FFFFFF	4
4738	#FFFFFF	4
4739	#FFFFFF	4
4740	#FFFFFF	4
4741	#FFFFFF	4
4742	#FFFFFF	4
4743	#FFFFFF	4
4744	#FFFFFF	28
4745	#FFFFFF	4
4746	#FFFFFF	4
4747	#FFFFFF	4
4749	#FFFFFF	4
4750	#FFFFFF	4
4751	#FFFFFF	4
4752	#FFFFFF	4
4753	#FFFFFF	4
4754	#FFFFFF	322
4755	#FFFFFF	322
4756	#FFFFFF	322
4757	#FFFFFF	322
4758	#FFFFFF	322
4759	#FFFFFF	322
4760	#FFFFFF	322
4761	#FFFFFF	4
4762	#FFFFFF	322
4763	#FFFFFF	322
4764	#FFFFFF	4
4765	#FFFFFF	4
4766	#FFFFFF	4
4767	#FFFFFF	123
4768	#FFFFFF	123
4769	#FFFFFF	123
4770	#FFFFFF	123
4771	#FFFFFF	123
4772	#FFFFFF	4
4773	#FFFFFF	4
4774	#FFFFFF	4
4775	#FFFFFF	4
4776	#FFFFFF	4
4777	#FFFFFF	4
4778	#FFFFFF	4
4779	#FFFFFF	4
4780	#FFFFFF	4
4781	#FFFFFF	4
4782	#FFFFFF	4
4783	#FFFFFF	4
4784	#FFFFFF	4
4785	#FFFFFF	4
4786	#FFFFFF	4
4787	#FFFFFF	4
4788	#FFFFFF	4
4789	#FFFFFF	4
4790	#FFFFFF	4
4791	#FFFFFF	4
4792	#FFFFFF	4
4794	#FFFFFF	4
4795	#FFFFFF	28
4796	#FFFFFF	4
4797	#FFFFFF	4
4798	#FFFFFF	4
4799	#FFFFFF	4
4800	#FFFFFF	4
4801	#FFFFFF	4
4802	#FFFFFF	4
4803	#FFFFFF	4
4804	#FFFFFF	322
4805	#FFFFFF	322
4806	#FFFFFF	322
4807	#FFFFFF	322
4808	#FFFFFF	322
4809	#FFFFFF	322
4810	#FFFFFF	322
4811	#FFFFFF	322
4812	#FFFFFF	4
4813	#FFFFFF	322
4814	#FFFFFF	4
4815	#FFFFFF	4
4816	#FFFFFF	4
4817	#FFFFFF	4
4818	#FFFFFF	123
4819	#FFFFFF	123
4820	#FFFFFF	123
4821	#FFFFFF	4
4822	#FFFFFF	4
4823	#FFFFFF	4
4824	#FFFFFF	4
4825	#FFFFFF	4
4826	#FFFFFF	4
4827	#FFFFFF	4
4828	#FFFFFF	4
4829	#FFFFFF	4
4830	#FFFFFF	4
4831	#FFFFFF	4
4832	#FFFFFF	4
4833	#FFFFFF	4
4834	#FFFFFF	4
4835	#FFFFFF	4
4836	#FFFFFF	4
4837	#FFFFFF	4
4838	#FFFFFF	4
4839	#FFFFFF	4
4840	#FFFFFF	4
4841	#FFFFFF	4
4842	#FFFFFF	4
4843	#FFFFFF	4
4844	#FFFFFF	4
4845	#FFFFFF	28
4846	#FFFFFF	4
4847	#FFFFFF	4
4848	#FFFFFF	4
4850	#FFFFFF	4
4851	#FFFFFF	4
4852	#FFFFFF	4
4853	#FFFFFF	4
4854	#FFFFFF	322
4855	#FFFFFF	322
4856	#FFFFFF	322
4857	#FFFFFF	322
4858	#FFFFFF	322
4859	#FFFFFF	322
4860	#FFFFFF	322
4861	#FFFFFF	322
4862	#FFFFFF	4
4863	#FFFFFF	322
4864	#FFFFFF	322
4865	#FFFFFF	4
4866	#FFFFFF	322
4867	#FFFFFF	4
4868	#FFFFFF	4
4869	#FFFFFF	123
4870	#FFFFFF	123
4871	#FFFFFF	123
4872	#FFFFFF	4
4873	#FFFFFF	4
4874	#FFFFFF	4
4875	#FFFFFF	4
4876	#FFFFFF	4
4877	#FFFFFF	4
4878	#FFFFFF	4
4879	#FFFFFF	4
4880	#FFFFFF	4
4881	#FFFFFF	4
4882	#FFFFFF	4
4883	#FFFFFF	4
4884	#FFFFFF	4
4885	#FFFFFF	4
4886	#FFFFFF	4
4887	#FFFFFF	4
4888	#FFFFFF	4
4889	#FFFFFF	4
4890	#FFFFFF	4
4891	#FFFFFF	4
4892	#FFFFFF	4
4893	#FFFFFF	4
4895	#FFFFFF	4
4896	#FFFFFF	4
4897	#FFFFFF	4
4898	#FFFFFF	4
4899	#FFFFFF	4
4900	#FFFFFF	4
4901	#FFFFFF	4
4902	#FFFFFF	4
4903	#FFFFFF	4
4904	#FFFFFF	4
4905	#FFFFFF	322
4906	#FFFFFF	322
4907	#FFFFFF	322
4908	#FFFFFF	322
4909	#FFFFFF	322
4910	#FFFFFF	322
4911	#FFFFFF	322
4912	#FFFFFF	322
4913	#FFFFFF	4
4914	#FFFFFF	322
4915	#FFFFFF	4
4916	#FFFFFF	322
4917	#FFFFFF	4
4918	#FFFFFF	4
4919	#FFFFFF	123
4920	#FFFFFF	123
4921	#FFFFFF	123
4922	#FFFFFF	4
4924	#FFFFFF	4
4925	#FFFFFF	4
4926	#FFFFFF	4
4927	#FFFFFF	4
4928	#FFFFFF	4
4929	#FFFFFF	4
4930	#FFFFFF	4
4931	#FFFFFF	4
4932	#FFFFFF	4
4933	#FFFFFF	4
4934	#FFFFFF	4
4935	#FFFFFF	4
4936	#FFFFFF	4
4937	#FFFFFF	4
4938	#FFFFFF	4
4939	#FFFFFF	4
4940	#FFFFFF	4
4941	#FFFFFF	4
4942	#FFFFFF	4
4943	#FFFFFF	4
4944	#FFFFFF	4
4945	#FFFFFF	4
4946	#FFFFFF	4
4947	#FFFFFF	4
4948	#FFFFFF	4
4949	#FFFFFF	4
4951	#FFFFFF	4
4952	#FFFFFF	4
4953	#FFFFFF	4
4954	#FFFFFF	4
4955	#FFFFFF	4
4956	#FFFFFF	322
4957	#FFFFFF	322
4958	#FFFFFF	322
4959	#FFFFFF	322
4960	#FFFFFF	322
4961	#FFFFFF	322
4962	#FFFFFF	322
4963	#FFFFFF	4
4964	#FFFFFF	322
4965	#FFFFFF	322
4966	#FFFFFF	4
4967	#FFFFFF	322
4968	#FFFFFF	4
4969	#FFFFFF	123
4970	#FFFFFF	123
4971	#FFFFFF	4
4972	#FFFFFF	4
4973	#FFFFFF	4
4974	#FFFFFF	4
4975	#FFFFFF	4
4976	#FFFFFF	4
4977	#FFFFFF	4
4978	#FFFFFF	4
4979	#FFFFFF	4
4980	#FFFFFF	4
4981	#FFFFFF	4
4982	#FFFFFF	4
4983	#FFFFFF	4
4984	#FFFFFF	4
4985	#FFFFFF	4
4986	#FFFFFF	4
4987	#FFFFFF	4
4988	#FFFFFF	4
4989	#FFFFFF	4
4990	#FFFFFF	4
4991	#FFFFFF	4
4992	#FFFFFF	4
4993	#FFFFFF	4
4994	#FFFFFF	4
4996	#FFFFFF	4
4997	#FFFFFF	4
4998	#FFFFFF	4
4999	#FFFFFF	4
5000	#FFFFFF	4
5001	#FFFFFF	4
5002	#FFFFFF	4
5003	#FFFFFF	4
5004	#FFFFFF	4
5005	#FFFFFF	4
5006	#FFFFFF	322
5007	#FFFFFF	322
5008	#FFFFFF	322
5009	#FFFFFF	322
5010	#FFFFFF	322
5011	#FFFFFF	322
5012	#FFFFFF	322
5013	#FFFFFF	322
5014	#FFFFFF	4
5015	#FFFFFF	322
5016	#FFFFFF	322
5017	#FFFFFF	322
5018	#FFFFFF	4
5019	#FFFFFF	4
5020	#FFFFFF	4
5021	#FFFFFF	123
5022	#FFFFFF	4
5024	#FFFFFF	4
5025	#FFFFFF	4
5026	#FFFFFF	4
5027	#FFFFFF	4
5028	#FFFFFF	4
5029	#FFFFFF	4
5030	#FFFFFF	4
5031	#FFFFFF	4
5032	#FFFFFF	4
5033	#FFFFFF	4
5034	#FFFFFF	4
5035	#FFFFFF	4
5036	#FFFFFF	4
5037	#FFFFFF	4
5038	#FFFFFF	4
5039	#FFFFFF	4
5040	#FFFFFF	4
5041	#FFFFFF	4
5042	#FFFFFF	4
5043	#FFFFFF	4
5044	#FFFFFF	4
5045	#FFFFFF	4
5046	#FFFFFF	4
5047	#FFFFFF	4
5048	#FFFFFF	4
5049	#FFFFFF	4
5050	#FFFFFF	4
